8.241225829537067102e-03
1.714224574098634213e-02
2.400975032471089690e-02
2.626578353680856723e-02
2.840480098779709153e-02
3.166685070951881509e-02
3.726139424263768402e-02
2.494810669961005853e-02
1.486952738786558384e-02
5.347062555436959269e-02
1.894581598036558165e-02
1.541042469879298294e-03
2.295115601890569332e-02
3.407345307255869177e-02
2.276310316343275325e-02
-2.098500967045504109e-02
-4.223835705958034481e-02
-1.638354403206713217e-01
-1.959723193297719934e-01
-2.003627419398219811e-01
-2.747728762756352916e-01
-2.707202332565447622e-01
-2.839860513153462662e-01
-6.747381962009797729e-02
9.655830528887622555e-02
2.343288116056208015e-01
6.440820458283288419e-01
1.012465960366284667e+00
1.322146177692821611e+00
1.826769721652425460e+00
2.216480363421283073e+00
2.837535785466300808e+00
3.264772662578619755e+00
3.380334223673616467e+00
4.060930048951679971e+00
4.382658384353304903e+00
4.954208865880145751e+00
5.454615439192122217e+00
5.688956169936107976e+00
6.064505007378764745e+00
5.798794990945368433e+00
5.443480245638174786e+00
6.514794509176022430e+00
7.030923746122874185e+00
8.491746099521531477e+00
1.006051020081133807e+01
9.423241375922852825e+00
9.192641868004573169e+00
1.015841675310813308e+01
1.648212188588228244e+01
2.228839659867985290e+01
2.461359475667528685e+01
1.982158139846932343e+01
1.514464469663612611e+01
2.145647867258598751e+01
3.188602079342787121e+01
3.196584967790536780e+01
9.610073043357065359e+00
5.724051401328797972e+00
2.454670066981081078e+01
3.789980099761046262e+01
2.924995220568865761e+01
8.791851954015399428e+00
1.064998438937283609e+01
1.974290977851495654e+01
3.371151152476204516e+01
4.448713454655040778e+01
3.816475003143778366e+01
1.727040760392171492e+01
1.721613306149518863e+01
7.452057233780416823e+01
1.115779761171743019e+02
7.784948102433487804e+01
2.424479739025414560e+01
7.483576326902162634e+01
1.877273258985257769e+02
2.021400762521955130e+02
1.175713708576912211e+02
8.839513691269186779e+01
2.198563295710230534e+02
3.052533877955573871e+02
2.679762801527862734e+02
1.841909902003229718e+02
2.010900975201123231e+02
3.024825982974959970e+02
3.481536470533542911e+02
3.388277149301445093e+02
2.739419213832702553e+02
2.218943019856227750e+02
2.809008970023048164e+02
3.556852920790789199e+02
3.703717331731653530e+02
2.613630722986895876e+02
1.764109972809072531e+02
2.498722186709480866e+02
3.448073608154645058e+02
3.397868547625888027e+02
2.492595119080974371e+02
2.088646002706923923e+02
2.264356871104833999e+02
2.898214810842114844e+02
4.035269863211041752e+02
4.182748431825726811e+02
2.001031349092232574e+02
8.961529800951988989e+01
3.881604104415798133e+02
7.397774855093929318e+02
5.124497524887289046e+02
2.051498038201057383e+01
8.971181087640316321e+01
7.692622928959658566e+02
1.005635122414446528e+03
4.410387970514977383e+02
-2.740548088729532950e+01
3.951007021284387406e+02
1.021424187820777320e+03
1.080695755831520955e+03
7.225615562944004751e+02
4.021094792278728960e+02
4.828928257525298022e+02
9.128030937911479441e+02
1.275943837960428482e+03
9.513881048347167280e+02
2.674576890341079434e+02
2.342440240919678160e+02
9.113037466347373083e+02
1.256999951454656866e+03
6.744889988199689697e+02
4.471789678699548176e+01
3.017645697824743820e+02
9.171093807011320678e+02
9.870732144493360920e+02
5.284546968433448910e+02
1.993574216353021313e+02
3.473308728637116474e+02
7.399237670507950497e+02
1.095262026362269808e+03
9.819767276766772284e+02
3.889205700777757215e+02
9.739041540195957225e+01
8.488940616846009561e+02
1.924385169012392453e+03
1.487923866338946709e+03
1.790657436811979721e+02
2.507650598061608775e+02
1.734752987564518435e+03
2.424380165532340470e+03
1.561470632121840026e+03
7.647203017627473400e+02
1.226189407327524350e+03
2.359469700129292960e+03
2.682949723651556724e+03
2.374072464592779852e+03
1.929687292470328885e+03
1.695729123232676557e+03
2.177875295554406875e+03
2.903239719396605324e+03
2.770481150893454469e+03
1.709282307870614432e+03
1.217902627178008061e+03
2.079722239268887279e+03
2.667274157468343674e+03
1.821092593239530288e+03
7.982579782360871832e+02
8.811310189477082986e+02
1.581236317692922057e+03
1.734947826334284855e+03
1.305930916788760442e+03
7.421311704696914830e+02
5.435413834768984316e+02
2.090819588087437751e+03
2.181736003424430692e+03
1.175342612644709135e+02
2.999650292080264535e+03
-1.879625228250272357e+02
2.930635162276577148e+02
7.361077727029893367e+02
-1.775762377995266206e+03
1.808627644048923742e+02
-3.398745136532816673e+02
-1.245701277191722284e+03
4.308269978745958042e+02
-1.160469849455382928e+03
-1.175160552652354681e+03
-1.191683821538396160e+03
-3.057789272236404486e+03
-2.745177115452932412e+03
-3.658309105492313392e+03
-3.881433099134662370e+03
-3.318027875540536570e+03
-3.770649173987832910e+03
-3.536416883661497195e+03
-3.299354113564743329e+03
-3.283362365741105350e+03
-3.110546215434230362e+03
-2.689790503327678380e+03
-2.514464152322609152e+03
-2.486737402769032542e+03
-1.996738611371948309e+03
-1.447094048693565355e+03
-3.660287671647357001e+03
-4.336411606504429074e+03
-3.821721128836740718e+03
-3.277883949936587669e+03
-3.243427947064920318e+03
-3.556549171920094523e+03
-3.343474535872544493e+03
-2.439259198811414990e+03
-1.446554494126341524e+03
-1.196166330309585874e+03
-1.635818012395209735e+03
-1.832338417475045162e+03
-1.212226787987386615e+03
-3.628245543035844776e+02
-5.944772441275406294e+01
1.825594053071148692e-01
5.036434587290796738e-01
4.080433917195951943e-01
9.477075520503049910e-01
1.156718937619042542e+00
1.657160177545478286e+00
1.754082553605029071e+00
2.274949094634890034e+00
2.338099227120774337e+00
2.095199428982763123e+00
2.856004906122103559e+00
3.390940937580836589e+00
2.108860400247939193e+00
3.378599333305614127e+00
4.356673364767610579e+00
2.661533823346141858e+00
-4.247013679612127723e-01
-9.193190228567610589e+00
-1.438099564721090040e+01
-1.866270866272109075e+01
-3.588580982114746121e+01
-4.304521641623136219e+01
-6.091429444984902375e+01
-7.027373463750348037e+01
-8.256662414144246043e+01
-8.962895324810571651e+01
-9.965176753444775670e+01
-9.798431444711624749e+01
-9.588469327016207444e+01
-9.770230094283654410e+01
-9.407692570278075550e+01
-8.837646467223683544e+01
-7.340922944735437738e+01
-4.719625850154284308e+01
-3.288126179030027885e+01
-1.517670506789688645e+01
-4.708438887082544988e-01
1.463694603769801716e+01
2.914513999560477941e+01
3.997997916533038421e+01
8.345783098725770799e+01
9.780458912094269408e+01
1.209588188702656453e+02
1.268397488031564535e+02
8.640692064702750486e+01
5.137278323544867931e+01
5.921081422688570228e+01
7.645931163781243356e+01
1.645274657933458400e+02
2.303033536906388861e+02
1.468644431649935882e+02
5.809288490948949146e+01
1.320956107150178411e+02
3.321507804326640780e+02
3.709536858352989839e+02
2.379953008993431354e+02
1.351331468007461751e+02
1.568390537191882572e+02
3.180722017349045245e+02
5.743244552054876522e+02
5.175655514422281840e+02
5.398222515899261964e+01
-2.429944771810171460e+02
6.079603895201383068e+01
5.162758401744962384e+02
3.521968592958107251e+02
-6.557513465747128976e+02
-8.144598817416505199e+02
-2.284999261002658386e+02
1.652324455253010171e+02
-3.641569577951265728e+02
-1.019314316500324594e+03
-1.007891320559557244e+03
-6.104649602431697986e+02
-3.657744814963647286e+02
-5.014350734583680946e+02
-8.920884870649186951e+02
-1.309887741748179451e+03
-1.045827208061098872e+03
7.507556441062911290e+01
2.781647210589513861e+02
-6.874179331575334118e+02
-1.406450830028199334e+03
-2.847612930588599625e+02
1.219392843431222445e+03
8.340313171302029787e+02
-3.689157353620528283e+02
-6.366191613071496249e+02
6.288171486426400634e+02
1.430378156947076832e+03
1.066749556368474259e+03
3.703580357961652112e+02
-6.997701367049255161e+00
3.578815727683714840e+02
1.305369900584330026e+03
1.783872081043957451e+03
5.813166327926371650e+02
-8.795557093840426433e+02
-2.919276050034277858e+01
1.840204941550777448e+03
1.846312562353892645e+03
-4.760337668665594606e+02
-1.503332282599311156e+03
1.965546696098806194e+02
1.774331289636820429e+03
8.311920002249042909e+02
-1.184463099084583519e+03
-1.345294550735998428e+03
-2.127555907747411652e+02
7.307121621365077999e+02
8.178659127794005599e+02
-3.912798583599686140e+02
-1.927186694818896967e+03
-1.658742191057220680e+03
7.052840206456708074e+02
1.797111638224524540e+03
-4.189888390806028156e+02
-2.341197107428000436e+03
-1.086916038189070150e+03
1.735580271018206531e+03
1.586678934728633294e+03
-2.971960849326436573e+02
-1.251051671549143293e+03
-1.774466110176636562e+02
1.058721100720094455e+03
1.395478359995035817e+03
5.216744877149403692e+02
-6.458095745323562369e+02
-7.989046765976476081e+02
7.074034318506668342e+02
1.800027102705840434e+03
5.204600101152731213e+02
-1.396082743368911451e+03
-1.219968353693806193e+03
9.288213155719237193e+02
1.457536508677728989e+03
-7.689739080369295152e+02
-2.104019584350256082e+03
-9.810767985314453199e+02
7.589589220167647454e+02
1.836896051935352716e+02
-1.258446056353016729e+03
-1.990628782723160384e+03
-1.557720253607797531e+03
-6.588894454474414033e+02
-1.589545295116905947e+02
-6.886695157446794155e+02
-2.235790192708675022e+03
-2.384855056795189739e+03
-6.826815080694650533e+02
6.788391587305235362e+02
-4.263956098540506332e+02
-1.811100511827740775e+03
-1.378773851354543694e+03
4.314380631116234213e+02
8.594549621044444621e+02
-2.078196712975504568e+02
-8.532299654601250722e+02
-3.834270597710871584e+02
3.010977757242962980e+02
6.410011757493234654e+02
3.735871691658018108e+02
-1.601691318484348017e+02
-4.040993498268449571e+02
1.068630827926574085e+02
8.576976810201301760e+02
4.478441832280561812e+02
-3.324461765195404155e+02
-5.027836116563456699e+02
3.912111675105496715e+02
8.750604387683044934e+02
-9.503495905684230820e+02
4.626530770908599948e+02
-4.858511067185069123e+02
-8.142558447755725410e+02
-3.432153730315608868e+02
-1.250672295612090920e+03
-1.063449433037703557e+03
-3.198678282268315911e+02
-1.235453045901370160e+03
-2.769616218562072731e+02
-6.085926138885779437e+02
-5.068726017132026413e+02
-1.191747525309165781e+02
-2.107309503514281062e+02
-3.031517807926427963e+02
8.778716596804552807e+01
-4.083976466635086240e+02
-2.486645442959162722e+02
-3.050967095624974377e+02
-6.125677590423715628e+02
-3.904094521557534563e+02
-5.035183898720287061e+02
-4.580042886092838899e+02
-4.355653701927913630e+02
-2.711760236415992722e+02
-1.791781500516017900e+02
-1.967292504499477275e+02
-2.654842011708036011e+02
1.154967363724384377e+01
2.330323988599832674e+01
2.058166137995686640e+01
2.868252984087841284e+01
4.777323487823248627e+01
5.251436753724708240e+01
1.154408447742095092e+02
1.130652311523493125e+02
1.618781172387886045e+02
1.990704514815517712e+02
2.017638634447494610e+02
2.452753015059241193e+02
2.365911003340921752e+02
2.809727719627150577e+02
5.999506936457351003e+02
7.241822514123268775e+02
7.790021772036975563e+02
7.855529961403842663e+02
9.251287441059638468e+02
8.915778850265361370e+02
7.940125149247871832e+02
8.472031023057062384e+02
6.923467307367661761e+02
5.517013797832951241e+02
3.608882269387793826e+02
1.598785331992210388e+02
1.835110918867242447e+02
-2.818116768919120219e+01
-2.640052062539826920e+02
-1.913087543784754132e+02
-3.901732604612864179e+02
-5.760563857875922622e+02
-8.038437957255179072e+02
-1.061436844517627151e+03
-1.114579580961228203e+03
-1.099592500519856912e+03
-1.128728499651297625e+03
-1.022039852375338000e+03
-1.113648556824731486e+03
-9.662208974414131717e+02
-1.119768525006339132e+03
-9.999313933970815924e+02
-1.076918035426759388e+03
-8.284087076083603733e+02
-7.537386280042583167e+02
-4.527332760013601956e+02
-2.066504716330075837e+02
-2.311260464574390028e+02
-3.961148093362236295e+02
-4.240137827633771508e+02
-5.754925228797324053e+02
-5.279935528646215062e+02
-1.964642698541300376e+02
4.032338786554606713e+02
-2.836518027881195181e+01
-1.060745951178049609e+03
-1.316038914412843724e+03
9.075661454597311604e+02
1.939122475847376109e+03
6.743962808648176122e+01
-1.862921531991410575e+03
4.821083604477766471e+01
4.090524236399132860e+03
3.472894730827892090e+03
1.124278236261486882e+03
-8.150461047444545670e+01
2.625338122723826928e+03
4.082303742590984712e+03
4.239665634620195306e+03
3.098245920512468274e+03
1.484992166854181505e+03
1.585461731507274180e+03
2.973064833241927772e+03
4.089336710655822571e+03
2.282010294876191438e+03
7.201186301695011593e+01
3.320729603014281679e+02
1.763949197217588789e+03
2.225131543686941768e+03
1.020454619582727901e+03
-1.809324033186071006e+02
-8.452762964769449354e+02
-3.460853621254069594e+02
1.374349340853207195e+03
2.294502001885666687e+03
4.481065799501986646e+01
-2.339216211034164189e+03
-8.632676140283597306e+02
3.563493422731440660e+03
3.431103503049992923e+03
-7.442113920893596060e+02
-2.718834705600057532e+03
1.759825229785221381e+03
5.103065704090580766e+03
2.611157313403175976e+03
-1.387165380777126302e+03
-3.548892498624474001e+02
3.807625859097592638e+03
4.508837766583512348e+03
1.977050019079105141e+03
4.177471980185063671e+02
1.647780306793337104e+03
3.680168769882106517e+03
3.877615861495830359e+03
2.941423635104251844e+03
1.493155935158110424e+03
9.923389071562700110e+02
2.831942276799904903e+03
4.474154048938225060e+03
3.090899940975724803e+03
3.898434659879820288e+02
4.982289915286882547e+02
2.287561630525291548e+03
3.268018456595752014e+03
1.609787972398038391e+03
6.042667859710328457e+02
2.015197451735135985e+02
2.846395784818554375e+02
1.034730345906982848e+03
1.553078851430793748e+03
7.268911825738484822e+02
-3.761961399774696702e+02
-2.403066673326801208e+02
1.201786698202024127e+03
1.374678079876582615e+03
7.021955570683884673e+01
-4.476056053706221860e+02
5.030821619979871002e+02
1.450056776714832949e+03
1.108516370393433590e+03
-1.191569001404279220e+02
9.991665862909401952e+00
7.447894428454754916e+02
1.161763462201600078e+03
7.961563503705328912e+02
3.727721560279977098e+02
3.475064457511830938e+02
5.928132399182867402e+02
1.041485473464472989e+03
1.059509584551760099e+03
5.693336753275343654e+02
1.863368033739321561e+02
4.351766873370694384e+02
1.038376901068704910e+03
9.217294661097242852e+02
2.521801304235518728e+02
-7.612535967353933586e+01
2.079047842567929933e+02
4.898970534397118968e+02
4.850300147671383684e+02
8.532736297386129820e+01
-1.824145087252597008e+01
1.008757343242091264e-01
2.393660625167187277e+02
3.163105200486191961e+02
2.084567222908453346e+02
1.287495506271189072e+02
1.354373674542585881e+01
2.486421846996516933e+02
3.419754451437781881e+02
1.950311839874704845e+02
-1.113059102960757087e+02
1.125703524423887529e+02
3.357897158943665659e+02
7.676873015292714797e+01
1.210137538938332256e+02
1.851894567553827642e+01
2.042669454289856787e+02
2.742370779476863163e+02
2.443945041310145427e+02
2.862333340070750296e+02
4.266192162457006702e+02
4.469278309046831623e+02
3.285491121284372866e+02
2.240124802632072942e+02
2.188624223805391296e+02
2.187969884951819211e+02
2.651866669851240204e+02
1.262713302875229431e+02
1.297062422905208905e+02
4.208231436577263906e+01
8.690685354851345323e+01
1.122053546286535664e+02
5.381655375349866688e+01
1.777817850992096993e+01
1.418134984107917660e+02
1.212592721515885046e+02
4.921041883690117302e+00
7.470689322503952212e+01
-9.056679049055583519e+00
1.229238803818753496e+02
8.199137851422875656e+01
5.610619184939715609e+01
3.485730899528106619e+01
4.269095040449288092e+01
-4.223181523019297146e+01
5.133311286038025223e+00
5.917176920054284039e+01
1.906818273753533433e+01
