1.099110131260700373e-03
4.023496822011726759e-02
8.223389870535956908e-03
1.710790901864409075e-02
2.395786293675293555e-02
2.618406400055282163e-02
2.829259622567018018e-02
3.151880811311896791e-02
3.707693577617380415e-02
2.472708425508465813e-02
1.459802424621737746e-02
5.313765825718134994e-02
1.858186686759866202e-02
1.100398079010719453e-03
2.242397873374943340e-02
3.347874606042492568e-02
2.145892562999915723e-02
-2.259380879110874443e-02
-4.418034517179480342e-02
-1.661073513210913899e-01
-1.987096607801920045e-01
-2.034784318691122140e-01
-2.782628434532180006e-01
-2.745113257459749767e-01
-2.880043158349691046e-01
-7.185735291173789285e-02
9.183387770368299508e-02
2.293229259024448241e-01
6.386406499237750056e-01
1.006720131100081739e+00
1.315771926447263596e+00
1.819880312608437967e+00
2.208921969661340245e+00
2.829206625764654870e+00
3.255128879162862532e+00
3.370106665871374307e+00
4.049447020796799634e+00
4.369216586204381692e+00
4.939748013421599637e+00
5.437623547406317925e+00
5.670544921757754153e+00
6.041974796136839743e+00
5.774694312798044571e+00
5.416200266852529310e+00
6.485279833209427025e+00
7.000047946842304469e+00
8.458364116777529418e+00
1.002705890723187920e+01
9.388109418439860576e+00
9.156071871899971626e+00
1.012209820625734658e+01
1.644110179735326227e+01
2.224954660752872471e+01
2.457342432334351656e+01
1.978396294813338585e+01
1.510725011835543619e+01
2.141559714082920962e+01
3.183914310500211542e+01
3.191748224706796577e+01
9.558793485190021144e+00
5.670804884166122051e+00
2.448910522792602151e+01
3.784133927203703962e+01
2.919002836551903357e+01
8.733734997915487241e+00
1.059406419551322287e+01
1.968599700415562381e+01
3.365199383943065925e+01
4.442978608736066803e+01
3.810892028289070765e+01
1.722440831498900948e+01
1.716606215263147561e+01
7.446425403032252177e+01
1.115246619831591062e+02
7.780219036488489337e+01
2.420903468138827463e+01
7.480170833773196648e+01
1.876756021576308342e+02
2.020886207868364863e+02
1.175354775149387194e+02
8.836544706011441974e+01
2.198068019337037242e+02
3.051906073385865170e+02
2.679222414224693125e+02
1.841376829390496255e+02
2.010298958958765070e+02
3.024001863474754259e+02
3.480449107829062996e+02
3.387053993010425188e+02
2.738123081023651366e+02
2.217662781111271215e+02
2.807497530317718883e+02
3.555160232418002693e+02
3.701974917816517632e+02
2.611965481462123648e+02
1.762572206920209226e+02
2.497067963087023088e+02
3.446302554299393819e+02
3.396151463912012787e+02
2.491040313210015995e+02
2.087299484965340923e+02
2.262906888113330410e+02
2.896903446584459516e+02
4.033940315762340560e+02
4.181510440291465898e+02
2.000318230066087608e+02
8.955847845962755116e+01
3.880985387246641949e+02
7.396938577061916931e+02
5.124317451533829626e+02
2.058579956326283167e+01
8.982397245182740164e+01
7.693049729771571492e+02
1.005680412848116589e+03
4.411571138397582104e+02
-2.720634857757714897e+01
3.952372751005312921e+02
1.021432120375704358e+03
1.080644701852573007e+03
7.224993079529189117e+02
4.020364435346728555e+02
4.827639951693418539e+02
9.125159146760501017e+02
1.275561228833924133e+03
9.509608581093189059e+02
2.671183990466377622e+02
2.338453953310706765e+02
9.107865330911547517e+02
1.256372550250716813e+03
6.739543706040198003e+02
4.425106843160060066e+01
3.012692898642238788e+02
9.165880455189794702e+02
9.865354720706194485e+02
5.280295280193091685e+02
1.990570583749450577e+02
3.470704915535578152e+02
7.396620700562568800e+02
1.094998728615987147e+03
9.818196422593963462e+02
3.889694746745693692e+02
9.759425641993773581e+01
8.491301857062001091e+02
1.924543836893319622e+03
1.488318554783617174e+03
1.797721326210439088e+02
2.515676852070332643e+02
1.735337729421577478e+03
2.424869029502658577e+03
1.562116928241084452e+03
7.653947567707596136e+02
1.226702524898736556e+03
2.359637807543200779e+03
2.682952848496799561e+03
2.373962927263121401e+03
1.929426980025521289e+03
1.695396015806060632e+03
2.177306660533515696e+03
2.902409940356662901e+03
2.769576177074603947e+03
1.708395702561909275e+03
1.217013170577039546e+03
2.078603265934094907e+03
2.666122302220043366e+03
1.819985950938181986e+03
7.973255633600790588e+02
8.801523417743205755e+02
1.580191921502022979e+03
1.733915400784043641e+03
1.305088157351069412e+03
7.414823841591791052e+02
5.430093011980186475e+02
2.090306021167613835e+03
2.182061914977034121e+03
1.192945074293691903e+02
3.001785699054809811e+03
-1.845380284481745150e+02
2.966672416068469715e+02
7.392837167946129284e+02
-1.772591562666100799e+03
1.824369011155125406e+02
-3.393413112493307153e+02
-1.246408394325103245e+03
4.290763273163143481e+02
-1.162744591515575621e+03
-1.177865345619787377e+03
-1.194513939676881591e+03
-3.060008613140954822e+03
-2.746851566196373824e+03
-3.659281967063840057e+03
-3.881609458407517650e+03
-3.317422395776355643e+03
-3.769201007018970358e+03
-3.534396298953833139e+03
-3.296783317709549465e+03
-3.280544452579912559e+03
-3.108052260766256950e+03
-2.688015266843552581e+03
-2.513426695927277251e+03
-2.486006995084793743e+03
-1.997027631960733515e+03
-1.447597705911807680e+03
-3.662177282248483607e+03
-4.338088472463748985e+03
-3.822727311886635107e+03
-3.277912961318977068e+03
-3.242205228046180764e+03
-3.555016404833076194e+03
-3.341644382225691970e+03
-2.437990736496527461e+03
-1.445895863720747229e+03
-1.196010473850392827e+03
-1.635847954541977742e+03
-1.832198639276374251e+03
-1.212237808984574258e+03
-3.628863178786223784e+02
-5.959491787867568036e+01
1.830623311886104554e-01
5.054110399778721785e-01
4.094519773917792982e-01
9.492863361179806336e-01
1.159378252854945890e+00
1.662042922892146279e+00
1.758996069425573072e+00
2.279862233993640963e+00
2.343209250962115853e+00
2.101125428141743523e+00
2.861995213324985521e+00
3.395170643705720082e+00
2.112351221345669661e+00
3.382109340204309866e+00
4.358019393777178507e+00
2.658985603810883003e+00
-4.340474693357548874e-01
-9.212822250068718688e+00
-1.441093910743231632e+01
-1.870291475933830583e+01
-3.593602459939155835e+01
-4.310885434455739329e+01
-6.098097201455614425e+01
-7.034621685704549066e+01
-8.264307459395708122e+01
-8.971239573912447440e+01
-9.974347972274478025e+01
-9.806804047518464529e+01
-9.596448512858773938e+01
-9.777165641903494020e+01
-9.414962542466098228e+01
-8.844475051703847157e+01
-7.346182705023029769e+01
-4.726079197013346089e+01
-3.293429056030065993e+01
-1.522276041388682799e+01
-5.271252239464122580e-01
1.458429951854294337e+01
2.906370225749440550e+01
3.992059876621063097e+01
8.335745170273918347e+01
9.769676122126578832e+01
1.208100405872982606e+02
1.266893416045326290e+02
8.624219151993412424e+01
5.117911253325845422e+01
5.901567436025666069e+01
7.625298743058161222e+01
1.642991765337195034e+02
2.300661360287213881e+02
1.466824306771824808e+02
5.795690624459449225e+01
1.319929379842050139e+02
3.320794830960679747e+02
3.709079038410495741e+02
2.379973456659662361e+02
1.351655815975113910e+02
1.568444603859052506e+02
3.180112794509103651e+02
5.741553225823977300e+02
5.172916911944491858e+02
5.370045127262572748e+01
-2.433639305089368463e+02
6.032613268563652298e+01
5.156867224829876477e+02
3.515619979442539034e+02
-6.562787531874630531e+02
-8.149854856665234593e+02
-2.292200759367340197e+02
1.644975367502647146e+02
-3.648682565369371105e+02
-1.019983273747061389e+03
-1.008560925396872562e+03
-6.111766784353841331e+02
-3.665443362992740504e+02
-5.021166617507618071e+02
-8.926629605577005577e+02
-1.310299601858505412e+03
-1.046232584567716913e+03
7.456690644529173539e+01
2.777020876259697957e+02
-6.876801343054995641e+02
-1.406486834028706880e+03
-2.849861012337274815e+02
1.218995309533258251e+03
8.335901147389223524e+02
-3.692322345315445205e+02
-6.370434929274205160e+02
6.280915749553648766e+02
1.429509512235069906e+03
1.065780665914129713e+03
3.693680731942467332e+02
-8.055633739804680005e+00
3.566976944727705927e+02
1.303958854773081839e+03
1.782242765566526941e+03
5.798192085592188505e+02
-8.808750746958955915e+02
-3.072854135321106384e+01
1.838325543111789102e+03
1.844511172578262403e+03
-4.775703082726907951e+02
-1.504666118377080920e+03
1.949276333914516783e+02
1.772486369172137302e+03
8.295924652572512059e+02
-1.185728379297066795e+03
-1.346411239941089661e+03
-2.139043453721815240e+02
7.295797931782909700e+02
8.169057824951006523e+02
-3.918787089431818913e+02
-1.927393215483691847e+03
-1.658706643647351257e+03
7.051902357665616137e+02
1.796982334096883505e+03
-4.187395998761325586e+02
-2.340581216661410963e+03
-1.086566326917315791e+03
1.735487106250051738e+03
1.586499128068513983e+03
-2.972648700407276010e+02
-1.251251324593642266e+03
-1.779201546080595051e+02
1.057932134818738859e+03
1.394420100199183935e+03
5.206017259420033270e+02
-6.469676800447194864e+02
-8.002253998543163789e+02
7.056696072018183941e+02
1.798000823531126116e+03
5.184899966191860585e+02
-1.397714893631051609e+03
-1.221886339989291400e+03
9.266961132590125771e+02
1.455163823228226192e+03
-7.710710977360098468e+02
-2.105743162041103005e+03
-9.829640841161274238e+02
7.567740644867466244e+02
1.818516506249598308e+02
-1.260027630648243758e+03
-1.991786063908694132e+03
-1.558791838200727852e+03
-6.597861916479857882e+02
-1.597272512484131255e+02
-6.890849819699109275e+02
-2.235879708578920599e+03
-2.384651177343042491e+03
-6.826774142299283312e+02
6.785309379594839356e+02
-4.262755732937378639e+02
-1.810934929402341822e+03
-1.378719137791656067e+03
4.310866877069097995e+02
8.588823403715044833e+02
-2.083393786077359096e+02
-8.538256070605239074e+02
-3.841814332953281337e+02
2.999678083204054246e+02
6.396666665705280366e+02
3.722481078592279573e+02
-1.615775755343977380e+02
-4.056805196621814389e+02
1.051142802555835090e+02
8.558205501732428502e+02
4.460009226107227391e+02
-3.342021542277147432e+02
-5.043833524418138836e+02
3.893966873707424838e+02
8.718164317977780229e+02
-9.532353532727676111e+02
4.597690239237655874e+02
-4.880238744422683794e+02
-8.157978554599371819e+02
-3.440374749912550101e+02
-1.250532430862558840e+03
-1.062958628101826207e+03
-3.193382901767685098e+02
-1.234544848613968497e+03
-2.765908558248768259e+02
-6.083783399383825099e+02
-5.071015111338932684e+02
-1.196523382451022286e+02
-2.114773764787179857e+02
-3.042613282661508265e+02
8.678288261401772274e+01
-4.094566547241129797e+02
-2.496103038670469232e+02
-3.060404589491192269e+02
-6.132968377307885248e+02
-3.911308609111046053e+02
-5.039023037930775786e+02
-4.583850133697873162e+02
-4.358024699936858610e+02
-2.712321228848072678e+02
-1.792845433865151676e+02
-1.967825617492038361e+02
-2.653874534676087933e+02
1.153875017336521935e+01
2.328693195409299577e+01
2.054560486305278033e+01
2.863570374467395396e+01
4.771314477686325972e+01
5.244133429330718599e+01
1.153704494911247878e+02
1.129856344735869129e+02
1.617818207350512694e+02
1.989657242319136401e+02
2.017117684800116706e+02
2.451770164528367673e+02
2.365492451699505239e+02
2.808818722493086284e+02
5.998378943054740375e+02
7.240633723477390049e+02
7.789615580415915019e+02
7.853909787954822832e+02
9.249398996831041586e+02
8.913906075221342462e+02
7.938466630789292822e+02
8.469210211834227948e+02
6.919987073732299905e+02
5.513471007367477341e+02
3.605072084964231749e+02
1.594554068205660542e+02
1.829815780237775584e+02
-2.882707502792817422e+01
-2.648551990233593756e+02
-1.923650093394766998e+02
-3.913264900427085422e+02
-5.770617699002378913e+02
-8.050443168033056054e+02
-1.062692206248401135e+03
-1.115937650652527736e+03
-1.101061508407149404e+03
-1.130142211788830764e+03
-1.023538514394419735e+03
-1.114953784737734168e+03
-9.677156297068781896e+02
-1.121214888175519491e+03
-1.001431200266056408e+03
-1.078455832459738986e+03
-8.301235883821449306e+02
-7.556091088927450983e+02
-4.546645646924964126e+02
-2.088712850291423422e+02
-2.333530971066341806e+02
-3.985100432131238222e+02
-4.264384863886535868e+02
-5.778106891102979716e+02
-5.303003037123273771e+02
-1.984711742185353671e+02
4.013208300395790502e+02
-3.001116243095751202e+01
-1.061907672206979669e+03
-1.316779894328627734e+03
9.067665544319272612e+02
1.938404165234936954e+03
6.702653583348536870e+01
-1.863315971176330549e+03
4.755373064901808533e+01
4.089169846795025933e+03
3.471755754243454703e+03
1.123361107581302804e+03
-8.201860799907009891e+01
2.624378034468316400e+03
4.080707735577109815e+03
4.238053770599243762e+03
3.096529150138076602e+03
1.483612255684735828e+03
1.583982920477940525e+03
2.971214284390896864e+03
4.087065736116258449e+03
2.280049579477078623e+03
7.050554255813450766e+01
3.303784203629937792e+02
1.762201351633754484e+03
2.223382151815129873e+03
1.018975208435567993e+03
-1.819692041337737578e+02
-8.460292909266580637e+02
-3.465045071170263782e+02
1.373915279810372112e+03
2.293970526394794433e+03
4.483356939053869183e+01
-2.338613756296856991e+03
-8.628122634922086718e+02
3.563360008135316548e+03
3.431128042253213152e+03
-7.436913700145116763e+02
-2.718041994734751370e+03
1.760150200336466014e+03
5.102722416945402074e+03
2.611219690555894886e+03
-1.386874408679773751e+03
-3.548242766572884079e+02
3.806801134675804860e+03
4.507886582781256038e+03
1.976313446673254248e+03
4.169769669580734899e+02
1.646649726085106522e+03
3.678726582351374418e+03
3.876328883495276841e+03
2.940363314046351661e+03
1.491928419349670094e+03
9.911057591846935111e+02
2.830478068294696641e+03
4.472230436001085764e+03
3.089413829036837342e+03
3.886312149768900781e+02
4.971666107513896122e+02
2.286353592445450431e+03
3.267012884224572190e+03
1.609106142364977131e+03
6.039571985715583651e+02
2.014322315676834023e+02
2.847329231516763457e+02
1.034876246814398655e+03
1.553177345797029375e+03
7.274083304742772498e+02
-3.755773255746545942e+02
-2.396993862554202224e+02
1.202130778565255241e+03
1.375000964741668895e+03
7.070373732549123247e+01
-4.472732141276277957e+02
5.033187016557860716e+02
1.450086856193598578e+03
1.108360893567745279e+03
-1.190454578390045270e+02
1.011725251240203427e+01
7.445825670411904866e+02
1.161485628479028719e+03
7.958326937903904081e+02
3.725111585210231624e+02
3.471064243798044231e+02
5.924716816082692503e+02
1.040933219157266876e+03
1.058880558632841257e+03
5.688053598293555524e+02
1.857579989600330634e+02
4.345877984572769037e+02
1.037680218190922915e+03
9.211104090388735131e+02
2.517998762087850082e+02
-7.650981465439105023e+01
2.075510905295206783e+02
4.895609497729936948e+02
4.848185851882197426e+02
8.514397858362720228e+01
-1.840203132836145627e+01
1.191210988253112307e-01
2.393038256503942307e+02
3.162622604183115982e+02
2.084787003710916906e+02
1.287926540930429837e+02
1.358696859144320968e+01
2.486956906800484148e+02
3.420000071884110753e+02
1.951598143587268339e+02
-1.112322578394583701e+02
1.126495372361820273e+02
3.358235014167152030e+02
7.682971368145989288e+01
1.210480402263114570e+02
1.861849051117047438e+01
2.042479724666749235e+02
2.741734117482716897e+02
2.443026586513827283e+02
2.859576890058173717e+02
4.263420142314197392e+02
4.465605717593227268e+02
3.282077128296750175e+02
2.237913591158326199e+02
2.185888125110393219e+02
2.185415838932498218e+02
2.650095066983963648e+02
1.261868803300791768e+02
1.295953809327760666e+02
4.215252501637746008e+01
8.692848407012357370e+01
1.122448546304730428e+02
5.383970222127989302e+01
1.787147481918237801e+01
1.416854560587094909e+02
1.212301987599193467e+02
4.898825483295506267e+00
7.465337288860796150e+01
-9.054058944719560742e+00
1.228030806907991064e+02
8.189526827307336987e+01
5.597880973332342336e+01
3.479061084508522583e+01
4.263859125028997710e+01
-4.225587725202805700e+01
5.116092459092536515e+00
5.914839089532082994e+01
1.909348368482364577e+01
