1.009416024141947775e-02
2.069692626504645097e-02
3.145565035279508648e-02
3.359016241995294028e-02
3.557316888314230457e-02
3.837620544816736090e-02
3.326022684177503547e-02
1.541377455779054974e-02
4.361015706484332177e-03
4.811446000671798506e-02
-4.900850838364865077e-05
-1.397917730820819743e-02
1.068649833298460907e-03
4.305393852481857915e-03
2.087471169053110517e-03
-4.937350609978700261e-02
-2.121825528387110207e-02
-4.205094546816073170e-02
-1.164670193166239022e-02
3.942071101944994577e-02
2.880388418515682919e-02
9.642352036138412963e-02
1.179943285596645186e-01
2.383180505211275890e-01
2.796252292317010224e-01
2.858833373277744339e-01
4.686413127850443949e-01
6.697767710570247113e-01
7.424180615564766050e-01
8.832742684246914777e-01
9.648881721992949023e-01
1.314924909985777823e+00
1.353412922523421269e+00
1.680598748040873058e+00
2.280788746028699077e+00
2.941397243533312444e+00
3.573645403293097988e+00
4.363626966643628258e+00
4.413764501387019479e+00
4.684385352157339533e+00
4.994598943540850655e+00
4.129184194608702896e+00
3.755661180910992325e+00
2.456402262808344616e+00
4.000881263654517683e-01
-1.546616590988929341e+00
-6.164825920571371576e+00
-1.089577578144611714e+01
-1.526204872868759566e+01
-1.153431032968888204e+01
-1.885936959115401601e+00
4.720704071084385944e+00
-8.577687381313150894e+00
-2.870742183576112083e+01
-1.916464727623168685e+01
4.240803176685429499e+00
9.776863925673035638e+00
-2.514575319566079870e+01
-3.837664509889306430e+01
-1.411348528383748047e+01
1.175438342689524873e+01
5.111013269911974355e+00
-2.766956374456574252e+01
-2.989476011064544636e+01
-1.231980882772409203e+01
8.118255678248171847e+00
9.499183911205753006e+00
-1.088714446260113888e+01
-4.230040001154470986e+01
-4.040286364482714276e+01
3.676744544257125114e+01
8.074630391089060311e+01
1.792468759994314809e+01
-6.288981199497601438e+01
1.159468752371012457e+01
2.057337273370300466e+02
2.386396838371780120e+02
1.207699873127437940e+02
6.880863125325775798e+01
2.207663005630499526e+02
3.505127870971770676e+02
3.699128916525067439e+02
3.019976706598795886e+02
2.308256482796824400e+02
2.536254498993643551e+02
3.629788210441699903e+02
4.500127020734164489e+02
3.794212646115271355e+02
1.926046414962251276e+02
2.259171478008039742e+02
3.790751215703425601e+02
4.539966456075688939e+02
2.875338826073485166e+02
1.334913767894252601e+02
2.228739734372177281e+02
3.814839988337069485e+02
3.919895550405789777e+02
2.409657359436432102e+02
1.553135600267592338e+02
2.040666441052825917e+02
3.195518588621546883e+02
4.342498494710113732e+02
3.587256677600157673e+02
6.241464721491770007e+01
-7.638685420904951684e+01
3.487503476561709590e+02
8.123468596828842010e+02
3.818557778564430691e+02
-4.319099391577525466e+02
-3.259005430656827684e+02
8.224623200589209091e+02
1.170629282465504730e+03
2.196699169471843334e+02
-5.562270729613342155e+02
8.316235807092911614e+01
1.096065539446468392e+03
1.327080717524222791e+03
8.897589715360626315e+02
2.702398749850981972e+02
1.631241456460266193e+02
8.951229315652003606e+02
1.701197773010009314e+03
1.276727968479782248e+03
-2.013731253740405513e+00
-1.674567451075124893e+02
9.707016211580003073e+02
1.608085202826873001e+03
6.591425113853395032e+02
-4.179151483769081779e+02
-5.674150512778728483e+01
9.338538729125352802e+02
1.069348768997711204e+03
3.084164602249881568e+02
-2.702491908390119875e+02
-9.380255734754148023e+01
5.131044852728657588e+02
1.086229852993875738e+03
8.755550212337223002e+02
-1.835749131090562969e+02
-7.210634916076646732e+02
5.405588193183234580e+02
2.285964066215844014e+03
1.535390000491714773e+03
-7.067909856395049246e+02
-6.000046594912806768e+02
1.902223135210213513e+03
3.224838787369526926e+03
1.806135674485006348e+03
4.889490145828438017e+02
1.248257425755977692e+03
2.990961523290051446e+03
3.795793731868819123e+03
3.453270958321127182e+03
2.637293029812864916e+03
2.036129479622239842e+03
2.871218698515493543e+03
4.317855056787822832e+03
4.035365051223658156e+03
2.237069050847161634e+03
1.339862789007745960e+03
2.744988161202511037e+03
3.814557236200224906e+03
2.447897831239491097e+03
7.559618144999212745e+02
7.423922879754454698e+02
1.903614016826830266e+03
2.152099908490978578e+03
1.452770662247650989e+03
4.532954588788792876e+02
1.372113405872381406e+02
2.035410829235995834e+03
2.202738186820912233e+03
-1.375132837562297027e+03
3.484266573301746575e+03
-1.389687147619213874e+03
-1.254064673682912314e+02
1.043419204172972968e+03
-2.430324631252807649e+03
1.065780710758889654e+03
7.919173002751031163e+02
-5.627378418429633484e+02
2.496501898801656807e+03
-1.181873114254802637e+01
-2.150349960754933534e+02
-2.713731320905282018e+02
-3.425239147342309934e+03
-2.981539154702079941e+03
-4.288847649683252712e+03
-4.957680422647124942e+03
-4.070863186145338204e+03
-4.451775967783571105e+03
-4.187627883222124183e+03
-3.692539832730037688e+03
-3.540202841124696533e+03
-2.885276252237513290e+03
-2.362124891992421453e+03
-1.966820231882323242e+03
-1.744952916461758832e+03
-1.253755054560080907e+03
-7.994049776777690113e+02
-2.886861740653646393e+03
-4.262871566409384286e+03
-4.196617736562255232e+03
-3.604310970590347097e+03
-3.753250530417650680e+03
-4.736237417591062695e+03
-4.462780638371144050e+03
-2.924871897279487257e+03
-1.554052738853912388e+03
-1.377823002250677064e+03
-2.104558999387747463e+03
-2.617857046144562446e+03
-1.790067460805637438e+03
-6.926689986785404471e+02
-3.331271929027641931e+02
