0.000000000000000000e+00
0.000000000000000000e+00
0.000000000000000000e+00
0.000000000000000000e+00
0.000000000000000000e+00
0.000000000000000000e+00
0.000000000000000000e+00
0.000000000000000000e+00
0.000000000000000000e+00
0.000000000000000000e+00
0.000000000000000000e+00
0.000000000000000000e+00
0.000000000000000000e+00
0.000000000000000000e+00
0.000000000000000000e+00
0.000000000000000000e+00
0.000000000000000000e+00
0.000000000000000000e+00
0.000000000000000000e+00
0.000000000000000000e+00
0.000000000000000000e+00
0.000000000000000000e+00
0.000000000000000000e+00
0.000000000000000000e+00
0.000000000000000000e+00
0.000000000000000000e+00
0.000000000000000000e+00
0.000000000000000000e+00
1.774587717300588931e-03
1.892893565120627904e-03
2.015015730612281387e-03
2.140954213775548946e-03
2.270709014610431016e-03
3.704279416755473005e-03
3.915952526284356694e-03
4.133505444411265592e-03
4.356938171136199266e-03
4.586250706459156848e-03
5.706556037453976334e-03
5.991883839326674933e-03
6.284170855879195154e-03
6.583417087111537863e-03
6.889622533023703060e-03
6.158692312604303887e-03
6.432411970942272621e-03
6.712082056635414531e-03
6.997702569683730486e-03
7.289273510087218751e-03
6.578069662945096145e-03
6.841192449462899471e-03
7.109474506304582636e-03
7.382915833470143040e-03
7.661516430959582416e-03
7.146234146333462281e-03
7.406097206200134599e-03
7.670600677850138507e-03
7.939744561283476609e-03
8.213528856500148037e-03
6.229909428909755423e-03
6.437573076540080950e-03
6.648641046262706612e-03
6.863113338077633276e-03
7.080989951984859206e-03
2.901495956688085118e-03
2.990772755355410647e-03
3.081402232790423235e-03
3.173384388993122449e-03
3.266719223963508289e-03
8.244293671063953081e-04
8.479844918808637083e-04
8.718713789760992828e-04
8.960900283921020316e-04
9.206404401288719548e-04
9.129574635096287735e-03
9.373029958698856148e-03
9.619688641822511307e-03
9.869550684467251478e-03
1.012261608663307839e-02
-9.329469281023596697e-06
-9.562706013049186826e-06
-9.798822210902252708e-06
-1.003781787458279603e-05
-1.027969300409081511e-05
-2.668785221284980698e-03
-2.731580167668157082e-03
-2.795105287846486215e-03
-2.859360581819968532e-03
-2.924346049588604467e-03
2.045394282475904396e-04
2.090847488753146848e-04
2.136800180813655341e-04
2.183252358657430687e-04
2.230204022284472073e-04
8.259400911786820600e-04
8.433283036245489651e-04
8.608976432833939001e-04
8.786481101552163228e-04
8.965797042400166670e-04
2.143935205149116957e-04
2.186813909252099302e-04
2.230117154979863626e-04
2.273844942332410200e-04
2.317997271309738482e-04
2.362574141911848744e-04
2.407575554138740984e-04
2.453001507990415476e-04
2.498852003466871946e-04
-5.103435732826826048e-03
-5.197076755447501556e-03
-5.291569060092001994e-03
-5.386912646760325628e-03
-5.483107515452474191e-03
-5.580153666168447685e-03
-5.678051098908245241e-03
-5.776799813671866859e-03
-5.876399810459312541e-03
-2.205150766731190162e-03
-2.242526203455447262e-03
-2.280215719479909177e-03
-2.318219314804574171e-03
-2.356536989429443112e-03
-2.395168743354515999e-03
-2.434114576579792834e-03
-2.473374489105272748e-03
-2.512948480930957476e-03
-4.390705574806155753e-03
-4.459850544488143387e-03
-4.529535709245770085e-03
-4.599761069079037583e-03
-4.670526623987945880e-03
-4.741832373972494977e-03
-4.813678319032684005e-03
-4.886064459168513834e-03
-4.958990794379984461e-03
-1.221029430512793378e-03
-1.238985745667393239e-03
-1.257073128815822420e-03
-1.275291579958080703e-03
-1.293641099094168089e-03
-1.312121686224085012e-03
-1.330733341347830820e-03
-1.349476064465405948e-03
-1.368349855576810178e-03
4.147589345866285401e-03
4.204797474774786027e-03
4.262397440182659654e-03
4.320389242089907149e-03
4.378772880496527645e-03
4.437548355402521141e-03
4.496715666807888506e-03
4.556274814712628005e-03
4.616225799116741371e-03
3.040125556025846752e-03
3.079607706104104704e-03
3.119344579731254345e-03
3.159336176907296539e-03
3.199582497632229988e-03
3.240083541906055558e-03
3.280839309728773683e-03
3.321849801100383061e-03
3.363115016020884560e-03
1.020570448005464134e-02
1.033092784790807378e-02
1.045691477288256122e-02
1.058366525497810885e-02
1.071117929419471149e-02
1.083945689053237259e-02
1.096849804399109042e-02
1.109830275457086846e-02
1.122887102227170149e-02
1.252028770529824836e-02
1.266587244605753108e-02
1.281229871711021817e-02
1.295956651845631483e-02
1.310767585009581411e-02
1.325662671202872123e-02
1.340641910425503444e-02
1.355705302677475549e-02
1.370852847958788090e-02
2.534519199440511683e-02
2.562524936450904026e-02
2.590684551137177952e-02
2.618998043499332767e-02
2.647465413537368820e-02
2.676086661251286455e-02
2.704861786641084981e-02
2.733790789706765437e-02
2.762873670448326782e-02
2.979942903361944631e-02
3.011310723397333730e-02
3.042842772856991715e-02
3.074539051740918238e-02
3.106399560049114689e-02
3.138424297781579331e-02
3.170613264938314246e-02
3.202966461519316660e-02
3.235483887524589347e-02
3.052342697239415065e-02
3.083019508266946970e-02
3.113849703349616180e-02
3.144833282487423387e-02
3.175970245680367898e-02
3.207260592928450754e-02
3.238704324231670567e-02
3.270301439590028725e-02
3.302051939003523839e-02
5.012196688855950072e-02
5.060390887787257624e-02
5.108815680971824646e-02
5.157471068409651138e-02
5.206357050100738487e-02
5.255473626045084612e-02
5.304820796242691594e-02
5.354398560693557352e-02
5.404206919397683273e-02
7.174630547582663831e-02
7.240756174749324314e-02
7.307185130480969848e-02
7.373917414777600432e-02
7.440953027639214679e-02
7.508291969065813976e-02
7.575934239057396935e-02
7.643879837613966333e-02
7.712128764735519393e-02
7.964270621661201366e-02
8.034750892649353271e-02
8.105541649412784100e-02
8.176642891951492464e-02
8.248054620265479753e-02
8.319776834354744577e-02
8.391809534219288325e-02
8.464152719859109608e-02
8.536806391274208428e-02
9.487970351894904619e-02
9.568719035740817780e-02
9.649809875026756079e-02
9.731242869752722291e-02
9.813018019918710866e-02
9.895135325524724579e-02
9.977594786570763430e-02
1.006039640305682881e-01
1.014354017498291793e-01
1.037749356528887557e-01
1.046255498795517630e-01
1.054796360010175071e-01
1.063371940172859464e-01
1.071982239283570809e-01
1.080627257342309244e-01
1.089306994349074770e-01
1.098021450303867386e-01
1.106770625206687092e-01
1.415846554630187104e-01
1.427039017512639341e-01
1.438275545209589112e-01
1.449556137721036975e-01
1.460880795046982650e-01
1.472249517187425860e-01
1.483662304142367161e-01
1.495119155911806275e-01
1.506620072495743479e-01
1.458851838215538543e-01
1.469988111789702900e-01
1.481166728609396299e-01
1.492387688674619295e-01
1.503650991985371055e-01
1.514956638541651857e-01
1.526304628343461978e-01
1.537694961390801418e-01
1.549127637683669623e-01
1.813342334381240761e-01
1.826724934634976760e-01
1.840156735624939588e-01
1.853637737351129799e-01
1.867167939813546840e-01
1.880747343012190986e-01
1.894375946947061684e-01
1.908053751618159766e-01
1.921780757025484399e-01
2.463246836566436726e-01
2.480841456827625469e-01
2.498498691395793503e-01
2.516218540270941384e-01
2.534001003453068002e-01
2.551846080942173911e-01
2.569753772738259112e-01
2.587724078841324160e-01
2.605756999251368500e-01
3.179497238372515633e-01
3.201500679468518573e-01
3.223579994499336521e-01
3.245735183464967255e-01
3.267966246365412442e-01
3.290273183200670970e-01
3.312655993970743951e-01
3.335114678675629718e-01
3.357649237315330493e-01
3.866118748882627076e-01
3.892065854579826456e-01
3.918099739894741473e-01
3.944220404827372684e-01
3.970427849377720642e-01
3.996722073545785348e-01
4.023103077331566246e-01
4.049570860735063338e-01
4.076125423756276622e-01
4.724429568258642909e-01
4.755207611048601346e-01
4.786085582548916806e-01
4.817063482759589288e-01
4.848141311680619348e-01
4.879319069312005874e-01
4.910596755653749423e-01
4.941974370705849995e-01
4.973451914468307589e-01
4.782222701375176133e-01
4.812489933662360553e-01
4.842852646177580600e-01
4.873310838920835719e-01
4.903864511892126465e-01
4.934513665091451728e-01
4.965258298518813174e-01
4.996098412174209691e-01
5.027034006057641280e-01
5.078957296544890365e-01
5.110212418369781684e-01
5.141563414801498810e-01
5.173010285840039524e-01
5.204553031485406045e-01
5.236191651737596153e-01
5.267926146596612069e-01
5.299756516062452683e-01
5.331682760135117993e-01
5.418857360266244871e-01
5.451305607932509512e-01
5.483850716039569972e-01
5.516492684587424034e-01
5.549231513576072805e-01
5.582067203005517397e-01
5.614999752875756700e-01
5.648029163186790713e-01
5.681155433938619437e-01
4.482720022838828644e-01
4.508858332009900716e-01
4.535072624637864758e-01
4.561362900722722435e-01
4.587729160264472084e-01
4.614171403263114812e-01
4.640689629718649512e-01
4.667283839631077291e-01
4.693954033000398152e-01
4.079625240366856476e-01
4.102804929232576892e-01
4.126050282939277003e-01
4.149361301486956810e-01
4.172737984875615758e-01
4.196180333105254401e-01
4.219688346175871629e-01
4.243262024087468554e-01
4.266901366840045173e-01
2.669790168652911300e-01
2.684581249919686385e-01
2.699413190526977480e-01
2.714285990474784582e-01
2.729199649763107138e-01
2.744154168391946258e-01
2.759149546361301386e-01
2.774185783671172523e-01
2.789262880321559113e-01
4.350761469542788196e-02
4.374279099107884067e-02
4.397860118510082267e-02
4.421504527749384184e-02
4.445212326825788429e-02
4.468983515739295004e-02
4.492818094489905295e-02
4.516716063077617221e-02
4.540677421502432171e-02
-1.682725506185847597e-01
-1.691605324160443125e-01
-1.700508510077076985e-01
-1.709435063935749455e-01
-1.718384985736460258e-01
-1.727358275479209393e-01
-1.736354933163996861e-01
-1.745374958790822661e-01
-1.754418352359687072e-01
-6.710613472177830996e-01
-6.745204263271531442e-01
-6.779883976707374860e-01
-6.814652612485361249e-01
-6.849510170605490611e-01
-6.884456651067764055e-01
-6.919492053872180470e-01
-6.954616379018739858e-01
-6.989829626507441107e-01
-1.186590428777040573e+00
-1.192568214312441421e+00
-1.198561019409488893e+00
-1.204568844068182987e+00
-1.210591688288523926e+00
-1.216629552070511711e+00
-1.222682435414145896e+00
-1.228750338319426927e+00
-1.234833260786355025e+00
-1.662830221887578341e+00
-1.671021503768797878e+00
-1.679232911649725546e+00
-1.687464445530361568e+00
-1.695716105410705721e+00
-1.703987891290758006e+00
-1.712279803170518422e+00
-1.720591841049986748e+00
-1.728924004929163427e+00
-1.257218561581362470e+00
-1.263277446215489652e+00
-1.269350895476141217e+00
-1.275438909363316720e+00
-1.281541487877016827e+00
-1.287658631017241317e+00
-1.293790338783989968e+00
-1.299936611177263224e+00
-1.306097448197060640e+00
-2.056471140870423375e-01
-2.066171476440566979e-01
-2.075894636329698728e-01
-2.085640620537819734e-01
-2.095409429064928886e-01
-2.105201061911026461e-01
-2.115015519076112738e-01
-2.124852800560187716e-01
-2.134712906363251395e-01
5.149573001939498074e-01
5.173358558530442020e-01
5.197198920551320267e-01
5.221094088002130595e-01
5.245044060882874115e-01
5.269048839193550826e-01
5.293108422934160728e-01
5.317222812104703822e-01
5.341392006705180107e-01
-9.360451466158188349e-01
-9.402806450167954244e-01
-9.445257043622437010e-01
-9.487803246521637757e-01
-9.530445058865554264e-01
-9.573182480654188753e-01
-9.616015511887541223e-01
-9.658944152565610564e-01
-9.701968402688397886e-01
-3.133837438584313961e+00
-3.147734722125707485e+00
-3.161662751869626753e+00
-3.175621527816070877e+00
-3.189611049965040301e+00
-3.203631318316535026e+00
-3.217682332870555051e+00
-3.231764093627099932e+00
-3.245876600586170557e+00
-2.092824090528704772e+00
-2.101923325704916135e+00
-2.111042298918386795e+00
-2.120181010169115865e+00
-2.129339459457103345e+00
-2.138517646782349679e+00
-2.147715572144853979e+00
-2.156933235544617578e+00
-2.166170636981639142e+00
4.632590494751264720e-01
4.652345678097751791e-01
4.672142893749231529e-01
4.691982141705703935e-01
4.711863421967169008e-01
4.731786734533626193e-01
4.751752079405076046e-01
4.771759456581518566e-01
4.791808866062953198e-01
1.068350766591522616e+00
1.072820853481026848e+00
1.077300272493473710e+00
1.081789023628863200e+00
1.086287106887195320e+00
1.090794522268470068e+00
1.095311269772687224e+00
1.099837349399847231e+00
1.104372761149949644e+00
-2.748605065140024450e+00
-2.759892970951688174e+00
-2.771204007717883666e+00
-2.782538175438610928e+00
-2.793895474113870847e+00
-2.805275903743662536e+00
-2.816679464327986437e+00
-2.828106155866842109e+00
-2.839555978360229993e+00
-4.196075303659395850e+00
-4.212994962141893396e+00
-4.229948664202826336e+00
-4.246936409842195559e+00
-4.263958199059999288e+00
-4.281014031856239299e+00
-4.298103908230914705e+00
-4.315227828184026393e+00
-4.332385791715573475e+00
-1.543599213557352412e+00
-1.549712477769460639e+00
-1.555837823531395436e+00
-1.561975250843156138e+00
-1.568124759704743632e+00
-1.574286350116157029e+00
-1.580460022077396776e+00
-1.586645775588462870e+00
-1.592843610649355535e+00
1.285937333160349416e+00
1.290940980371090063e+00
1.295954343401657383e+00
1.300977422252051374e+00
1.306010216922272038e+00
1.311052727412319374e+00
1.316104953722193383e+00
1.321166895851894285e+00
1.326238553801421638e+00
5.592970545199964505e-01
5.614358577877592849e-01
5.635787427411477202e-01
5.657257093801616454e-01
5.678767577048010606e-01
5.700318877150659658e-01
5.721910994109563608e-01
5.743543927924722459e-01
5.765217678596136208e-01
-3.028652940286797879e+00
-3.040038853596146673e+00
-3.051446128844162331e+00
-3.062874766030844409e+00
-3.074324765156193351e+00
-3.085796126220209157e+00
-3.097288849222891383e+00
-3.108802934164240472e+00
-3.120338381044256426e+00
-3.273031916766054650e+00
-3.285131849914912472e+00
-3.297254107663675882e+00
-3.309398690012344879e+00
-3.321565596960919908e+00
-3.333754828509400081e+00
-3.345966384657786286e+00
-3.358200265406078078e+00
-3.370456470754275458e+00
-1.349160393468623154e+00
-1.354066431263054371e+00
-1.358981372937330567e+00
-1.363905218491451299e+00
-1.368837967925416788e+00
-1.373779621239226811e+00
-1.378730178432881814e+00
-1.383689639506381353e+00
-1.388658004459725648e+00
8.892490984540842858e-01
8.924306694682312413e-01
8.956179218591890923e-01
8.988108556269581717e-01
9.020094707715380355e-01
9.052137672929290169e-01
9.084237451911308936e-01
9.116394044661436658e-01
9.148607451179675554e-01
1.040746368859855719e+00
1.044410968750207447e+00
1.048082009062158981e+00
1.051759489795710323e+00
1.055443410950861693e+00
1.059133772527612871e+00
1.062830574525964300e+00
1.066533816945915314e+00
1.070243499787466357e+00
-1.193074184051937658e+00
-1.197209623164769088e+00
-1.201352217016550483e+00
-1.205501965607281178e+00
-1.209658868936961396e+00
-1.213822927005591357e+00
-1.217994139813170618e+00
-1.222172507359699400e+00
-1.226358029645177927e+00
-4.636495966494652343e+00
-4.652320184810333714e+00
-4.668171360908495160e+00
-4.684049494789135792e+00
-4.699954586452257388e+00
-4.715886635897858170e+00
-4.731845643125939027e+00
-4.747831608136499071e+00
-4.763844530929540078e+00
-4.429418704200317691e+00
-4.444307506567378496e+00
-4.459221290146463623e+00
-4.474160054937573960e+00
-4.489123800940709508e+00
-4.504112528155870265e+00
-4.519126236583056233e+00
-4.534164926222268299e+00
-4.549228597073504687e+00
4.031666214642060986e+00
4.045016102770015110e+00
4.058388056828759360e+00
4.071782076818292850e+00
4.085198162738616467e+00
4.098636314589730212e+00
4.112096532371634972e+00
4.125578816084328970e+00
4.139083165727812208e+00
8.855799107582411622e+00
8.884692416253153979e+00
8.913632782429873558e+00
8.942620206112572134e+00
8.971654687301249709e+00
9.000736225995904505e+00
9.029864822196540075e+00
9.059040475903152867e+00
9.088263187115742880e+00
1.966247877075486983e+00
1.972570217516244062e+00
1.978902706176007387e+00
1.985245343054776734e+00
1.991598128152551883e+00
1.997961061469333277e+00
2.004334143005120694e+00
2.010717372759914134e+00
2.017110750733713598e+00
-6.899954304253459902e+00
-6.921824206961077586e+00
-6.943728713945131581e+00
-6.965667825205621000e+00
-6.987641540742548507e+00
-7.009649860555910550e+00
-7.031692784645708905e+00
-7.053770313011943571e+00
-7.075882445654613662e+00
1.272336513697235771e+00
1.276312565302539559e+00
1.280294819796463202e+00
1.284283277179006699e+00
1.288277937450170052e+00
1.292278800609953260e+00
1.296285866658356101e+00
1.300299135595378797e+00
1.304318607421021570e+00
2.257996837280034796e+01
2.264955225068262834e+01
2.271924318068473170e+01
2.278904116280664738e+01
2.285894619704838604e+01
2.292895828340994413e+01
2.299907742189131810e+01
2.306930361249251504e+01
2.313963685521352787e+01
2.619590153466237581e+01
2.627552433567958801e+01
2.635526796037057551e+01
2.643513240873533121e+01
2.651511768077386577e+01
2.659522377648617208e+01
2.667545069587225370e+01
2.675579843893211418e+01
2.683626700566574286e+01
1.325929989520575525e+01
1.329905791588103625e+01
1.333887545455133683e+01
1.337875251121666231e+01
1.341868908587701092e+01
1.345868517853238266e+01
1.349874078918277753e+01
1.353885591782819375e+01
1.357903056446863488e+01
7.555678973054220648e+00
7.578033052856156360e+00
7.600420151978330985e+00
7.622840270420745412e+00
7.645293408183397865e+00
7.667779565266290120e+00
7.690298741669422178e+00
7.712850937392792261e+00
7.735436152436402146e+00
2.424546708678534657e+01
2.431625677171026823e+01
2.438714964859572021e+01
2.445814571744170252e+01
2.452924497824822225e+01
2.460044743101526876e+01
2.467175307574285270e+01
2.474316191243096341e+01
2.481467394107960800e+01
3.850056467776560254e+01
3.861151731372458329e+01
3.872262959376407565e+01
3.883390151788409383e+01
3.894533308608462363e+01
3.905692429836566504e+01
3.916867515472722516e+01
3.928058565516930400e+01
3.939265579969189446e+01
4.063745354861227810e+01
4.075306508075626510e+01
4.086884083382659583e+01
4.098478080782327027e+01
4.110088500274628132e+01
4.121715341859563608e+01
4.133358605537132746e+01
4.145018291307336256e+01
4.156694399170173426e+01
3.318125358117980994e+01
3.327445934966626595e+01
3.336779584153068612e+01
3.346126305677307045e+01
3.355486099539341183e+01
3.364858965739172447e+01
3.374244904276798707e+01
3.383643915152222093e+01
3.393055998365440473e+01
2.536494289249749556e+01
2.543530334434908013e+01
2.550576124835004777e+01
2.557631660450039490e+01
2.564696941280012155e+01
2.571771967324922059e+01
2.578856738584770625e+01
2.585951255059556786e+01
2.593055516749280898e+01
2.787416024191227848e+01
2.795052780421888627e+01
2.802699983651496751e+01
2.810357633880052930e+01
2.818025731107556453e+01
2.825704275334007676e+01
2.833393266559406243e+01
2.841092704783752509e+01
2.848802590007046476e+01
3.989770800142925111e+01
4.000568556029644895e+01
4.011380903478373483e+01
4.022207842489111584e+01
4.033049373061858489e+01
4.043905495196614197e+01
4.054776208893380129e+01
4.065661514152153444e+01
4.076561410972936983e+01
4.947066503923890224e+01
4.960293954469140942e+01
4.973539065161983075e+01
4.986801836002413779e+01
5.000082266990436608e+01
5.013380358126049430e+01
5.026696109409252955e+01
5.040029520840046473e+01
5.053380592418430695e+01
4.171570829528616997e+01
4.182592152724201640e+01
4.193628015924001318e+01
4.204678419128016742e+01
4.215743362336248623e+01
4.226822845548696250e+01
4.237916868765359624e+01
4.249025431986238033e+01
4.260148535211333609e+01
2.117865583045488265e+01
2.123395258197043134e+01
2.128932142833802033e+01
2.134476236955764961e+01
2.140027540562932273e+01
2.145586053655303260e+01
2.151151776232878987e+01
2.156724708295658033e+01
2.162304849843641819e+01
2.484467302426261526e+01
2.490878830948652123e+01
2.497298621750065806e+01
2.503726674830503640e+01
2.510162990189965271e+01
2.516607567828450343e+01
2.523060407745959211e+01
2.529521509942491875e+01
2.535990874418047980e+01
4.169275708894691945e+01
4.179911616315341405e+01
4.190561072662641351e+01
4.201224077936592494e+01
4.211900632137193412e+01
4.222590735264445527e+01
4.233294387318347418e+01
4.244011588298900506e+01
4.254742338206104080e+01
4.993879505782744133e+01
5.006474409958741489e+01
5.019085176734456155e+01
5.031711806109888840e+01
5.044354298085039545e+01
5.057012652659907559e+01
5.069686869834493592e+01
5.082376949608798355e+01
5.095082891982819717e+01
3.163176351134517716e+01
3.171064571461536374e+01
3.178962615226073041e+01
3.186870482428128071e+01
3.194788173067701109e+01
3.202715687144792156e+01
3.210653024659401211e+01
3.218600185611528275e+01
3.226557170001174057e+01
1.468708016144126915e+01
1.472329984124753643e+01
1.475956412657080463e+01
1.479587301741107730e+01
1.483222651376835444e+01
1.486862461564263072e+01
1.490506732303391146e+01
1.494155463594219668e+01
1.497808655436748104e+01
2.452383788812566223e+01
2.458365212687719037e+01
2.464353922097433269e+01
2.470349917041709276e+01
2.476353197520546701e+01
2.482363763533946255e+01
2.488381615081907228e+01
2.494406752164430330e+01
2.500439174781514851e+01
4.198084929040382463e+01
4.208212998833000995e+01
4.218353271119345749e+01
4.228505745899416013e+01
4.238670423173212498e+01
4.248847302940735204e+01
4.259036385201984132e+01
4.269237669956958570e+01
4.279451157205659229e+01
4.314139855007758229e+01
4.324436131511357218e+01
4.334744680096604696e+01
4.345065500763501376e+01
4.355398593512047256e+01
4.365743958342242337e+01
4.376101595254085908e+01
4.386471504247579389e+01
4.396853685322721361e+01
2.652277112839564666e+01
2.658539868714038334e+01
2.664810009913835387e+01
2.671087536438956533e+01
2.677372448289401419e+01
2.683664745465169688e+01
2.689964427966261340e+01
2.696271495792677086e+01
2.702585948944416216e+01
1.709684360120500202e+01
1.713678949746949698e+01
1.717678200504818875e+01
1.721682112394107378e+01
1.725690685414815562e+01
1.729703919566943071e+01
1.733721814850489906e+01
1.737744371265456422e+01
1.741771588811841909e+01
2.246573614636946203e+01
2.251768004497378683e+01
2.256968392498527365e+01
2.262174778640392248e+01
2.267387162922974042e+01
2.272605545346272038e+01
2.277829925910286590e+01
2.283060304615017344e+01
2.288296681460464654e+01
3.518286338318891637e+01
3.526337336804747480e+01
3.534397536431729492e+01
3.542466937199838384e+01
3.550545539109074156e+01
3.558633342159436808e+01
3.566730346350925629e+01
3.574836551683541330e+01
3.582951958157283912e+01
4.781562912454997161e+01
4.792393179527375935e+01
4.803235698033093826e+01
4.814090467972151544e+01
4.824957489344549089e+01
4.835836762150287171e+01
4.846728286389363660e+01
4.857632062061780687e+01
4.868548089167538251e+01
3.950319307533359137e+01
3.959176525711684747e+01
3.968043662387410819e+01
3.976920717560537355e+01
3.985807691231063643e+01
3.994704583398990394e+01
4.003611394064316897e+01
4.012528123227043864e+01
4.021454770887170582e+01
6.873770551500324899e+00
6.889028643734509849e+00
6.904303651813744835e+00
6.919595575738027193e+00
6.934904415507358699e+00
6.950230171121740241e+00
6.965572842581169155e+00
6.980932429885648993e+00
6.996308933035176203e+00
-8.413275939847896012e+00
-8.431766656199210175e+00
-8.450277669714466811e+00
-8.468808980393665919e+00
-8.487360588236805725e+00
-8.505932493243888004e+00
-8.524524695414912756e+00
-8.543137194749879981e+00
-8.561769991248789680e+00
3.841478540359160831e+01
3.849838667759289734e+01
3.858207882254418308e+01
3.866586183844547975e+01
3.874973572529677313e+01
3.883370048309806322e+01
3.891775611184935713e+01
3.900190261155065485e+01
3.908613998220194929e+01
8.948738163844949156e+01
8.968024237473926519e+01
8.987331071139101368e+01
9.006658664840476547e+01
9.026007018578050634e+01
9.045376132351822207e+01
9.064766006161794110e+01
9.084176640007964920e+01
9.103608033890334639e+01
4.206835146635788192e+01
4.215814517279621043e+01
4.224803460813266298e+01
4.233801977236723957e+01
4.242810066549993309e+01
4.251827728753075775e+01
4.260854963845969223e+01
4.269891771828675786e+01
4.278938152701194042e+01
-4.758657820564997110e+01
-4.768718407923485358e+01
-4.778789618922267834e+01
-4.788871453561343827e+01
-4.798963911840714758e+01
-4.809066993760379205e+01
-4.819180699320337879e+01
-4.829305028520590781e+01
-4.839439981361137910e+01
-3.590962364715949207e+01
-3.598482704746768235e+01
-3.606010911242054107e+01
-3.613546984201807533e+01
-3.621090923626028513e+01
-3.628642729514716336e+01
-3.636202401867872425e+01
-3.643769940685495357e+01
-3.651345345967585843e+01
9.063076112617214619e+01
9.081879175091523848e+01
9.100701722604667054e+01
9.119543755156644238e+01
9.138405272747453978e+01
9.157286275377097695e+01
9.176186763045575390e+01
9.195106735752885641e+01
9.214046193499028448e+01
1.290066870735272175e+02
1.292718601199270836e+02
1.295373054179146095e+02
1.298030229674898237e+02
1.300690127686526978e+02
1.303352748214032601e+02
1.306018091257415108e+02
1.308686156816674497e+02
1.311356944891810485e+02
2.421006967572334645e+01
2.425937735327064360e+01
2.430873519122236459e+01
2.435814318957850944e+01
2.440760134833907458e+01
2.445710966750406001e+01
2.450666814707347285e+01
2.455627678704730599e+01
2.460593558742556297e+01
-6.130693434308805934e+01
-6.143066175851306099e+01
-6.155451389915522498e+01
-6.167849076501454419e+01
-6.180259235609103996e+01
-6.192681867238469096e+01
-6.205116971389550429e+01
-6.217564548062347995e+01
-6.230024597256861085e+01
9.166757009945783352e+00
9.185090523965675047e+00
9.203442353184387414e+00
9.221812497601922232e+00
9.240200957218275946e+00
9.258607732033452109e+00
9.277032822047448946e+00
9.295476227260266455e+00
9.313937947671906414e+00
1.208248696273800817e+02
1.210643639180190974e+02
1.213040953317181589e+02
1.215440638684772239e+02
1.217842695282963632e+02
1.220247123111755201e+02
1.222653922171147229e+02
1.225063092461139718e+02
1.227474633981732524e+02
1.463010667257989894e+02
1.465884951476571416e+02
1.468762056386240715e+02
1.471641981986998076e+02
1.474524728278843497e+02
1.477410295261776412e+02
1.480298682935797672e+02
1.483189891300906709e+02
1.486083920357103523e+02
9.809623537049414210e+01
9.828726990870347890e+01
9.847849027817565570e+01
9.866989647891068671e+01
9.886148851090857193e+01
9.905326637416931135e+01
9.924523006869289077e+01
9.943737959447932440e+01
9.962971495152859802e+01
2.979604973947492041e+01
2.985357107101830820e+01
2.991114787154100796e+01
2.996878014104300902e+01
3.002646787952432561e+01
3.008421108698494706e+01
3.014200976342488403e+01
3.019986390884412586e+01
3.025777352324267255e+01
1.798689915488704472e+01
1.802132384226482031e+01
1.805578144043358435e+01
1.809027194939334393e+01
1.812479536914409550e+01
1.815935169968583907e+01
1.819394094101857107e+01
1.822856309314229861e+01
1.826321815605701815e+01
9.870724540275713821e+01
9.889454567866370382e+01
9.908202349037681245e+01
9.926967883789646407e+01
9.945751172122265871e+01
9.964552214035541056e+01
9.983371009529470541e+01
1.000220755860405433e+02
1.002106186125929383e+02
1.876069727726988674e+02
1.879599492031272518e+02
1.883132573783211114e+02
1.886668972982803894e+02
1.890208689630051424e+02
1.893751723724952853e+02
1.897298075267509034e+02
1.900847744257719398e+02
1.904400730695584514e+02
1.408055901469031994e+02
1.410682871434459287e+02
1.413312289647757325e+02
1.415944156108926393e+02
1.418578470817966206e+02
1.421215233774877049e+02
1.423854444979658638e+02
1.426496104432310972e+02
1.429140212132834336e+02
-2.221007040257462761e-01
-2.225116211469779781e-01
-2.229229180437376501e-01
-2.233345947160252642e-01
-2.237466511638408206e-01
-2.241590873871843193e-01
-2.245719033860557046e-01
-2.249850991604550876e-01
-2.253986747103823851e-01
-1.847045213059888624e+01
-1.850434286845319676e+01
-1.853826467022854985e+01
-1.857221753592493840e+01
-1.860620146554236598e+01
-1.864021645908083613e+01
-1.867426251654034175e+01
-1.870833963792088994e+01
-1.874244782322248071e+01
1.070746490448173773e+02
1.072695073688297924e+02
1.074645428367731057e+02
1.076597554486473598e+02
1.078551452044525263e+02
1.080507121041886052e+02
1.082464561478556249e+02
1.084423773354535427e+02
1.086384756669823872e+02
1.773926256380739233e+02
1.777128289334495150e+02
1.780333209603808768e+02
1.783541017188680655e+02
1.786751712089110242e+02
1.789965294305097814e+02
1.793181763836643370e+02
1.796401120683746910e+02
1.799623364846408151e+02
7.271617365718375936e+01
7.284637271476152875e+01
7.297668822945699674e+01
7.310712020127013488e+01
7.323766863020097162e+01
7.336833351624950694e+01
7.349911485941572664e+01
7.363001265969964493e+01
7.376102691710124759e+01
-4.610675916276034769e+01
-4.618865393924837548e+01
-4.627062138190898111e+01
-4.635266149074215036e+01
-4.643477426574789746e+01
-4.651695970692620818e+01
-4.659921781427709675e+01
-4.668154858780054894e+01
-4.676395202749657898e+01
-6.260394914648372833e+00
-6.271426447537621129e+00
-6.282467691283286193e+00
-6.293518645885368024e+00
-6.304579311343865733e+00
-6.315649687658780209e+00
-6.326729774830110564e+00
-6.337819572857858574e+00
-6.348919081742022463e+00
1.030395169897819159e+02
1.032196560054983081e+02
1.033999523478660052e+02
1.035804060168849645e+02
1.037610170125552003e+02
1.039417853348767409e+02
1.041227109838495437e+02
1.043037939594736230e+02
1.044850342617489929e+02
1.179961673559945865e+02
1.182008441423883482e+02
1.184056982916819152e+02
1.186107298038753015e+02
1.188159386789685072e+02
1.190213249169615324e+02
1.192268885178543769e+02
1.194326294816470693e+02
1.196385478083395668e+02
3.403371419518940399e+01
3.409229201652363628e+01
3.415092020571800191e+01
3.420959876277250089e+01
3.426832768768713322e+01
3.432710698046189890e+01
3.438593664109679082e+01
3.444481666959181609e+01
3.450374706594698182e+01
-2.982353476831057648e+01
-2.987447163384142357e+01
-2.992545196086163273e+01
-2.997647574937120041e+01
-3.002754299937013016e+01
-3.007865371085841844e+01
-3.012980788383606878e+01
-3.018100551830307765e+01
-3.023224661425945214e+01
-1.035218341263590247e+01
-1.036972948621664159e+01
-1.038729041676061549e+01
-1.040486620426782416e+01
-1.042245684873826939e+01
-1.044006235017194939e+01
-1.045768270856886240e+01
-1.047531792392901373e+01
-1.049296799625239984e+01
5.662983738873710848e+01
5.672509363329343302e+01
5.682042992511409807e+01
5.691584626419908943e+01
5.701134265054841421e+01
5.710691908416207951e+01
5.720257556504007113e+01
5.729831209318240326e+01
5.739412866858906170e+01
1.198900465525435806e+02
1.200901968806780360e+02
1.202905141398618269e+02
1.204909983300949250e+02
1.206916494513773443e+02
1.208924675037090992e+02
1.210934524870901612e+02
1.212946044015205445e+02
1.214959232470002348e+02
9.664210977006777625e+01
9.680224582602480154e+01
9.696251444494205884e+01
9.712291562681956236e+01
9.728344937165726947e+01
9.744411567945520858e+01
9.760491455021339391e+01
9.776584598393179704e+01
9.792690998061043217e+01
-2.026364352384529965e+01
-2.029697188490425575e+01
-2.033032763163376444e+01
-2.036371076403381863e+01
-2.039712128210442188e+01
-2.043055918584557773e+01
-2.046402447525728263e+01
-2.049751715033953658e+01
-2.053103721109233959e+01
-7.959735693560065783e+01
-7.972731180406694307e+01
-7.985737267161027830e+01
-7.998753953823067775e+01
-8.011781240392812720e+01
-8.024819126870261243e+01
-8.037867613255416188e+01
-8.050926699548277554e+01
-8.063996385748842499e+01
5.967449144526726457e+01
5.977120861130497786e+01
5.986800409083745933e+01
5.996487788386470186e+01
6.006182999038671255e+01
6.015886041040349141e+01
6.025596914391504555e+01
6.035315619092136075e+01
6.045042155142243701e+01
2.523687052454891102e+02
2.527747691316443479e+02
2.531811594357145339e+02
2.535878761576996112e+02
2.539949192975996084e+02
2.544022888554145254e+02
2.548099848311443623e+02
2.552180072247890905e+02
2.556263560363487670e+02
1.695137171533926050e+02
1.697845058389411577e+02
1.700555106367687017e+02
1.703267315468751804e+02
1.705981685692606220e+02
1.708698217039250551e+02
1.711416909508684796e+02
1.714137763100908103e+02
1.716860777815921608e+02
-7.803634047241688165e+01
-7.816010945016854805e+01
-7.828397650159512011e+01
-7.840794162669661205e+01
-7.853200482547302386e+01
-7.865616609792436975e+01
-7.878042544405063552e+01
-7.890478286385182116e+01
-7.902923835732792668e+01
-6.624910109445316664e+01
-6.635343038751528866e+01
-6.645784176499367391e+01
-6.656233522688832238e+01
-6.666691077319921988e+01
-6.677156840392638060e+01
-6.687630811906979034e+01
-6.698112991862946330e+01
-6.708603380260538529e+01
2.100419426684699715e+02
2.103703898032134987e+02
2.106990935372809872e+02
2.110280538706725508e+02
2.113572708033881042e+02
2.116867443354277043e+02
2.120164744667912942e+02
2.123464611974788738e+02
2.126767045274905286e+02
3.560996181746937737e+02
3.566525678923563873e+02
3.572059465857502687e+02
3.577597542548754177e+02
3.583139908997319480e+02
3.588686565203197461e+02
3.594237511166389254e+02
3.599792746886893156e+02
3.605352272364710871e+02
1.994493107794185676e+02
1.997568656148532966e+02
2.000646573954616940e+02
2.003726861212438166e+02
2.006809517921995507e+02
2.009894544083289816e+02
2.012981939696321092e+02
2.016071704761089052e+02
2.019163839277593695e+02
5.399631933298194042e+01
5.407900894911207246e+01
5.416176183197223537e+01
5.424457798156240074e+01
5.432745739788258987e+01
5.441040008093279567e+01
5.449340603071301103e+01
5.457647524722325016e+01
5.465960773046349175e+01
1.378551202102230775e+02
1.380647857922918718e+02
1.382746106947117823e+02
1.384845949174827808e+02
1.386947384606048956e+02
1.389050413240781552e+02
1.391155035079025311e+02
1.393261250120779948e+02
1.395369058366045749e+02
3.303295940554350523e+02
3.308285813576335954e+02
3.313279452540224952e+02
3.318276857446016948e+02
3.323278028293712509e+02
3.328282965083311637e+02
3.333291667814813763e+02
3.338304136488219456e+02
3.343320371103528714e+02
4.192344226897378690e+02
4.198634315759940137e+02
4.204929119831544995e+02
4.211228639112190990e+02
4.217532873601879828e+02
4.223841823300610940e+02
4.230155488208384895e+02
4.236473868325201124e+02
4.242796963651059627e+02
3.814190875045559324e+02
3.819875213160381691e+02
3.825563783842675321e+02
3.831256587092441350e+02
3.836953622909679211e+02
3.842654891294389472e+02
3.848360392246570996e+02
3.854070125766224351e+02
3.859784091853350105e+02
2.913046100615576961e+02
2.917358530076147645e+02
2.921674149203479374e+02
2.925992957997572148e+02
2.930314956458424831e+02
2.934640144586039128e+02
2.938968522380413901e+02
2.943300089841549152e+02
2.947634846969445448e+02
2.249113328082677583e+02
2.252420847682799092e+02
2.255730797495705531e+02
2.259043177521396615e+02
2.262357987759872628e+02
2.265675228211133572e+02
2.268994898875179160e+02
2.272316999752009394e+02
2.275641530841624558e+02
3.171677160258511776e+02
3.176310728060203701e+02
3.180947678028175005e+02
3.185588010162424553e+02
3.190231724462952911e+02
3.194878820929760082e+02
3.199529299562845495e+02
3.204183160362209719e+02
3.208840403327852187e+02
4.769878273257542673e+02
4.776801173509005025e+02
4.783729093992701564e+02
4.790662034708632859e+02
4.797599995656798910e+02
4.804542976837199149e+02
4.811490978249834711e+02
4.818443999894704461e+02
4.825402041771808967e+02
4.457982770015388496e+02
4.464411007607336046e+02
4.470843876494378151e+02
4.477281376676515379e+02
4.483723508153747730e+02
4.490170270926075204e+02
4.496621664993497802e+02
4.503077690356015523e+02
4.509538347013628368e+02
2.471445610911185611e+02
2.474986363935413749e+02
2.478529651500102773e+02
2.482075473605253251e+02
2.485623830250864614e+02
2.489174721436937432e+02
2.492728147163471135e+02
2.496284107430466292e+02
2.499842602237922335e+02
1.480293725592270846e+02
1.482400905272829448e+02
1.484509583658708323e+02
1.486619760749907471e+02
1.488731436546427460e+02
1.490844611048267438e+02
1.492959284255428258e+02
1.495075456167909351e+02
1.497193126785710717e+02
3.032799853211417940e+02
3.037089527685550365e+02
3.041382233731749238e+02
3.045677971350014559e+02
3.049976740540346327e+02
3.054278541302744543e+02
3.058583373637209206e+02
3.062891237543740317e+02
3.067202133022338444e+02
4.214663579124031685e+02
4.220587210296377521e+02
4.226515001322075022e+02
4.232446952201123054e+02
4.238383062933522751e+02
4.244323333519274115e+02
4.250267763958377145e+02
4.256216354250831273e+02
4.262169104396636499e+02
2.704751531448020501e+02
2.708529117385796781e+02
2.712309339461701825e+02
2.716092197675734496e+02
2.719877692027895932e+02
2.723665822518185564e+02
2.727456589146603392e+02
2.731249991913149415e+02
2.735046030817823635e+02
8.353126622930598444e+01
8.364720136633485481e+01
8.376321690221050176e+01
8.387931283693289686e+01
8.399548917050205432e+01
8.411174590291795994e+01
8.422808303418064213e+01
8.434450056429010090e+01
8.446099849324629361e+01
8.203469893346328945e+01
8.214785024233704291e+01
8.226107953281579910e+01
8.237438680489955800e+01
8.248777205858834805e+01
8.260123529388214081e+01
8.271477651078095050e+01
8.282839570928476292e+01
8.294209288939359226e+01
2.103573918838323209e+02
2.106457502003283082e+02
2.109343060225205591e+02
2.112230593504090166e+02
2.115120101839937092e+02
2.118011585232746370e+02
2.120905043682517714e+02
2.123800477189251694e+02
2.126697885752947741e+02
2.378241092490397079e+02
2.381481202970629170e+02
2.384723519108097776e+02
2.387968040902802613e+02
2.391214768354743967e+02
2.394463701463921552e+02
2.397714840230335369e+02
2.400968184653985986e+02
2.404223734734872551e+02
1.605479999335107664e+02
1.607653973606380475e+02
1.609829418766876472e+02
1.612006334816594801e+02
1.614184721755536316e+02
1.616364579583700447e+02
1.618545908301087195e+02
1.620728707907697128e+02
1.622912978403529394e+02
5.009604284438067623e+01
5.016346685897607927e+01
5.023093621588122204e+01
5.029845091509611876e+01
5.036601095662076233e+01
5.043361634045515274e+01
5.050126706659928999e+01
5.056896313505317408e+01
5.063670454581681213e+01
1.516443048868828747e+01
1.518471735221830521e+01
1.520501777648597752e+01
1.522533176149130263e+01
1.524565930723428053e+01
1.526600041371491301e+01
1.528635508093320006e+01
1.530672330888914168e+01
1.532710509758273432e+01
1.184655895978937110e+02
1.186231236266143156e+02
1.187807623291081569e+02
1.189385057053752348e+02
1.190963537554155494e+02
1.192543064792291005e+02
1.194123638768158742e+02
1.195705259481758986e+02
1.197287926933091455e+02
1.198871641122156575e+02
1.200456402048953777e+02
1.202042209713483487e+02
1.203629064115745422e+02
1.205216965255739865e+02
1.206805913133466532e+02
1.208395907748925708e+02
1.209986949102117251e+02
1.282196107810351862e+02
1.283882098747643283e+02
1.285569197431937312e+02
1.287257403863233378e+02
1.288946718041531483e+02
1.290637139966831910e+02
1.292328669639134375e+02
1.294021307058439163e+02
1.295715052224745989e+02
1.297409905138055137e+02
1.299105865798366040e+02
1.300802934205679549e+02
1.302501110359995096e+02
1.304200394261312681e+02
1.305900785909632589e+02
1.307602285304954535e+02
1.309304892447278519e+02
-8.005464307012564973e+01
-8.015874533679681235e+01
-8.026291524626633134e+01
-8.036715279853420668e+01
-8.047145799360045260e+01
-8.057583083146504066e+01
-8.068027131212798508e+01
-8.078477943558928587e+01
-8.088935520184895722e+01
-8.099399861090697073e+01
-8.109870966276335480e+01
-8.120348835741808102e+01
-8.130833469487117782e+01
-8.141324867512261676e+01
-8.151823029817241206e+01
-8.162327956402057794e+01
-8.172839647266710017e+01
2.028628154447351619e+02
2.031237322491656698e+02
2.033848167379178165e+02
2.036460689109915734e+02
2.039074887683869406e+02
2.041690763101039465e+02
2.044308315361425059e+02
2.046927544465027324e+02
2.049548450411845693e+02
2.052171033201879879e+02
2.054795292835130454e+02
2.057421229311597131e+02
2.060048842631279911e+02
2.062678132794178509e+02
2.065309099800293495e+02
2.067941743649624868e+02
2.070576064342172060e+02
-8.092007087631228046e+01
-8.102302262042972814e+01
-8.112603981384413032e+01
-8.122912245655550123e+01
-8.133227054856381244e+01
-8.143548408986910658e+01
-8.153876308047134103e+01
-8.164210752037054419e+01
-8.174551740956671608e+01
-8.184899274805982827e+01
-8.195253353584990919e+01
-8.205613977293695882e+01
-8.215981145932096297e+01
-8.226354859500192163e+01
-8.236735117997983480e+01
-8.247121921425471669e+01
-8.257515269782655309e+01
-7.303083378622035937e+00
-7.312275428186065795e+00
-7.321473258913343329e+00
-7.330676870803869427e+00
-7.339886263857643200e+00
-7.349101438074664649e+00
-7.358322393454933774e+00
-7.367549129998451463e+00
-7.376781647705215939e+00
-7.386019946575228978e+00
-7.395264026608489694e+00
-7.404513887804998085e+00
-7.413769530164754151e+00
-7.423030953687758782e+00
-7.432298158374010200e+00
-7.441571144223509293e+00
-7.450849911236256951e+00
6.077028404168621023e+01
6.084596310026864074e+01
6.092168925222914311e+01
6.099746249756773864e+01
6.107328283628441312e+01
6.114915026837918077e+01
6.122506479385202738e+01
6.130102641270296715e+01
6.137703512493197877e+01
6.145309093053907645e+01
6.152919382952427441e+01
6.160534382188753710e+01
6.168154090762890007e+01
6.175778508674834200e+01
6.183407635924586998e+01
6.191041472512148403e+01
6.198680018437517703e+01
-1.415604324149565514e+02
-1.417348753384500242e+02
-1.419094256775368024e+02
-1.420840834322168575e+02
-1.422588486024901613e+02
-1.424337211883567704e+02
-1.426087011898166850e+02
-1.427837886068698481e+02
-1.429589834395163450e+02
-1.431342856877560905e+02
-1.433096953515891130e+02
-1.434852124310154409e+02
-1.436608369260350457e+02
-1.438365688366479276e+02
-1.440124081628541148e+02
-1.441883549046535506e+02
-1.443644090620462919e+02
6.208542595708463807e+01
6.216113989117864236e+01
6.223689996417216008e+01
6.231270617606517703e+01
6.238855852685772163e+01
6.246445701654975124e+01
6.254040164514130851e+01
6.261639241263236499e+01
6.269242931902292781e+01
6.276851236431301118e+01
6.284464154850259376e+01
6.292081687159168979e+01
6.299703833358029215e+01
6.307330593446840084e+01
6.314961967425602296e+01
6.322597955294315142e+01
6.330238557052978621e+01
4.613653255354734739e+01
4.619221937618288365e+01
4.624793978556308360e+01
4.630369378168794015e+01
4.635948136455743906e+01
4.641530253417159457e+01
4.647115729053040667e+01
4.652704563363387535e+01
4.658296756348198642e+01
4.663892308007476117e+01
4.669491218341218541e+01
4.675093487349425914e+01
4.680699115032099655e+01
4.686308101389237635e+01
4.691920446420841984e+01
4.697536150126911281e+01
4.703155212507445526e+01
-3.278790551421266741e+01
-3.282707863908030532e+01
-3.286627515088816409e+01
-3.290549504963624372e+01
-3.294473833532453710e+01
-3.298400500795305135e+01
-3.302329506752178645e+01
-3.306260851403074241e+01
-3.310194534747991213e+01
-3.314130556786930981e+01
-3.318068917519892125e+01
-3.322009616946875354e+01
-3.325952655067880670e+01
-3.329898031882908072e+01
-3.333845747391956849e+01
-3.337795801595028422e+01
-3.341748194492121371e+01
1.454725449735298071e+02
1.456446000237646388e+02
1.458167567613813844e+02
1.459890151863800440e+02
1.461613752987606745e+02
1.463338370985231904e+02
1.465064005856676772e+02
1.466790657601941064e+02
1.468518326221024495e+02
1.470247011713927634e+02
1.471976714080649913e+02
1.473707433321191331e+02
1.475439169435552458e+02
1.477171922423732724e+02
1.478905692285732698e+02
1.480640479021551528e+02
1.482376282631189781e+02
-6.887486247530820727e-01
-6.895551219717626079e-01
-6.903620911022152473e-01
-6.911695321444399909e-01
-6.919774450984369496e-01
-6.927858299642062345e-01
-6.935946867417476236e-01
-6.944040154310612278e-01
-6.952138160321470473e-01
-6.960240885450049708e-01
-6.968348329696351096e-01
-6.976460493060374635e-01
-6.984577375542121436e-01
-6.992698977141588168e-01
-7.000825297858778162e-01
-7.008956337693689198e-01
-7.017092096646322386e-01
-1.253253685272685303e+01
-1.254706733023725995e+01
-1.256160622633255386e+01
-1.257615354101272942e+01
-1.259070927427779196e+01
-1.260527342612773793e+01
-1.261984599656256734e+01
-1.263442698558228017e+01
-1.264901639318687998e+01
-1.266361421937636145e+01
-1.267822046415072990e+01
-1.269283512750998000e+01
-1.270745820945411708e+01
-1.272208970998313582e+01
-1.273672962909704154e+01
-1.275137796679583069e+01
-1.276603472307950327e+01
-1.581742803765673422e+01
-1.583558811577115044e+01
-1.585375861274851239e+01
-1.587193952858882007e+01
-1.589013086329207347e+01
-1.590833261685827260e+01
-1.592654478928741746e+01
-1.594476738057950982e+01
-1.596300039073454613e+01
-1.598124381975252817e+01
-1.599949766763345593e+01
-1.601776193437732942e+01
-1.603603661998414864e+01
-1.605432172445391359e+01
-1.607261724778662426e+01
-1.609092318998228066e+01
-1.610923955104088279e+01
-1.996633429946852516e+02
-1.998903621453329720e+02
-2.001175102841344824e+02
-2.003447874110898113e+02
-2.005721935261988449e+02
-2.007997286294616970e+02
-2.010273927208783107e+02
-2.012551858004487428e+02
-2.014831078681729082e+02
-2.017111589240508636e+02
-2.019393389680825805e+02
-2.021676480002680876e+02
-2.023960860206073846e+02
-2.026246530291004433e+02
-2.028533490257472920e+02
-2.030821740105479023e+02
-2.033111279835023026e+02
-1.738143550607378813e+02
-1.740100919470675365e+02
-1.742059389835864636e+02
-1.744018961702946626e+02
-1.745979635071921052e+02
-1.747941409942788482e+02
-1.749904286315548632e+02
-1.751868264190201216e+02
-1.753833343566746521e+02
-1.755799524445184829e+02
-1.757766806825515573e+02
-1.759735190707738752e+02
-1.761704676091854935e+02
-1.763675262977863554e+02
-1.765646951365765176e+02
-1.767619741255559234e+02
-1.769593632647246011e+02
-2.500476141892590931e+02
-2.503265295425098316e+02
-2.506056003669719416e+02
-2.508848266626454233e+02
-2.511642084295303334e+02
-2.514437456676266436e+02
-2.517234383769343538e+02
-2.520032865574534640e+02
-2.522832902091839458e+02
-2.525634493321258560e+02
-2.528437639262791663e+02
-2.531242339916438766e+02
-2.534048595282199585e+02
-2.536856405360074689e+02
-2.539665770150063508e+02
-2.542476689652166613e+02
-2.545289163866383717e+02
-2.890659263648353203e+02
-2.893853362282218313e+02
-2.897049224637030420e+02
-2.900246850712788955e+02
-2.903446240509493350e+02
-2.906647394027144742e+02
-2.909850311265741993e+02
-2.913054992225285673e+02
-2.916261436905775781e+02
-2.919469645307212318e+02
-2.922679617429595282e+02
-2.925891353272924675e+02
-2.929104852837199928e+02
-2.932320116122422178e+02
-2.935537143128590287e+02
-2.938755933855705393e+02
-2.941976488303766359e+02
-2.373780101498003603e+02
-2.376378656617322918e+02
-2.378978633265700751e+02
-2.381580031443137102e+02
-2.384182851149632256e+02
-2.386787092385186213e+02
-2.389392755149798973e+02
-2.391999839443470250e+02
-2.394608345266200331e+02
-2.397218272617989214e+02
-2.399829621498836616e+02
-2.402442391908742820e+02
-2.405056583847707543e+02
-2.407672197315731353e+02
-2.410289232312813681e+02
-2.412907688838954527e+02
-2.415527566894154461e+02
-2.596104844591695269e+02
-2.598920576527261233e+02
-2.601737834604797399e+02
-2.604556618824304337e+02
-2.607376929185781478e+02
-2.610198765689229390e+02
-2.613022128334648073e+02
-2.615847017122036391e+02
-2.618673432051396048e+02
-2.621501373122725340e+02
-2.624330840336025972e+02
-2.627161833691296806e+02
-2.629994353188538412e+02
-2.632828398827749652e+02
-2.635663970608932232e+02
-2.638501068532085014e+02
-2.641339692597208000e+02
-2.442256764195649623e+02
-2.444881435624124606e+02
-2.447507516650573791e+02
-2.450135007274997179e+02
-2.452763907497395337e+02
-2.455394217317767982e+02
-2.458025936736114829e+02
-2.460659065752436163e+02
-2.463293604366732268e+02
-2.465929552579002859e+02
-2.468566910389247653e+02
-2.471205677797467217e+02
-2.473845854803660984e+02
-2.476487441407829238e+02
-2.479130437609972262e+02
-2.481774843410089488e+02
-2.484420658808181201e+02
-2.153684677459889940e+02
-2.155978271365598005e+02
-2.158273085917344076e+02
-2.160569121115128723e+02
-2.162866376958951093e+02
-2.165164853448811755e+02
-2.167464550584710707e+02
-2.169765468366647667e+02
-2.172067606794622918e+02
-2.174370965868636176e+02
-2.176675545588688010e+02
-2.178981345954777566e+02
-2.181288366966905414e+02
-2.183596608625071553e+02
-2.185906070929275984e+02
-2.188216753879518137e+02
-2.190528657475798582e+02
-2.064991000158213694e+02
-2.067170410184766070e+02
-2.069350969689180317e+02
-2.071532678671456722e+02
-2.073715537131595283e+02
-2.075899545069595717e+02
-2.078084702485458592e+02
-2.080271009379183624e+02
-2.082458465750770245e+02
-2.084647071600219590e+02
-2.086836826927530524e+02
-2.089027731732703614e+02
-2.091219786015739146e+02
-2.093412989776636550e+02
-2.095607343015396111e+02
-2.097802845732017829e+02
-2.099999497926501704e+02
-1.683099993425082630e+02
-1.684860558271761590e+02
-1.686622043434617808e+02
-1.688384448913650715e+02
-1.690147774708860879e+02
-1.691912020820248017e+02
-1.693677187247812128e+02
-1.695443273991553497e+02
-1.697210281051471554e+02
-1.698978208427566869e+02
-1.700747056119839158e+02
-1.702516824128288420e+02
-1.704287512452914939e+02
-1.706059121093718431e+02
-1.707831650050698897e+02
-1.709605099323856336e+02
-1.711379468913190749e+02
-1.378025650160361408e+02
-1.379454396298422978e+02
-1.380883882719457745e+02
-1.382314109423465140e+02
-1.383745076410446018e+02
-1.385176783680400092e+02
-1.386609231233327080e+02
-1.388042419069226980e+02
-1.389476347188100362e+02
-1.390911015589946373e+02
-1.392346424274765866e+02
-1.393782573242558271e+02
-1.395219462493323874e+02
-1.396657092027062390e+02
-1.398095461843774103e+02
-1.399534571943458729e+02
-1.400974422326116837e+02
-1.147494158891828278e+02
-1.148673495129127105e+02
-1.149853437086116372e+02
-1.151033984762796081e+02
-1.152215138159166372e+02
-1.153396897275227104e+02
-1.154579262110978277e+02
-1.155762232666419891e+02
-1.156945808941551945e+02
-1.158129990936374298e+02
-1.159314778650887234e+02
-1.160500172085090469e+02
-1.161686171238984429e+02
-1.162872776112568687e+02
-1.164059986705843244e+02
-1.165247803018808526e+02
-1.166436225051463964e+02
-1.018123257024531796e+02
-1.019160570582376550e+02
-1.020198412303947180e+02
-1.021236782189243826e+02
-1.022275680238266489e+02
-1.023315106451015026e+02
-1.024355060827489581e+02
-1.025395543367690294e+02
-1.026436554071616740e+02
-1.027478092939269345e+02
-1.028520159970647967e+02
-1.029562755165752606e+02
-1.030605878524582977e+02
-1.031649530047139649e+02
-1.032693709733422054e+02
-1.033738417583430760e+02
-1.034783653597165198e+02
-7.315763243274358274e+01
-7.323152903116050538e+01
-7.330546293225202703e+01
-7.337943413601817610e+01
-7.345344264245893839e+01
-7.352748845157432811e+01
-7.360157156336431683e+01
-7.367569197782893298e+01
-7.374984969496817655e+01
-7.382404471478203334e+01
-7.389827703727048913e+01
-7.397254666243357235e+01
-7.404685359027128300e+01
-7.412119782078360686e+01
-7.419557935397054393e+01
-7.426999818983209423e+01
-7.434445432836827194e+01
-4.664913320063015334e+01
-4.669585241264881148e+01
-4.674259500765646891e+01
-4.678936098565312562e+01
-4.683615034663877452e+01
-4.688296309061342981e+01
-4.692979921757707729e+01
-4.697665872752973115e+01
-4.702354162047137009e+01
-4.707044789640201543e+01
-4.711737755532166005e+01
-4.716433059723030397e+01
-4.721130702212794006e+01
-4.725830683001458254e+01
-4.730533002089021721e+01
-4.735237659475485117e+01
-4.739944655160848441e+01
-8.610553113403598502e+01
-8.619103811629420875e+01
-8.627658753377936307e+01
-8.636217938649144799e+01
-8.644781367443044928e+01
-8.653349039759639538e+01
-8.661920955598925786e+01
-8.670497114960903673e+01
-8.679077517845576040e+01
-8.687662164252941466e+01
-8.696251054182998530e+01
-8.704844187635748654e+01
-8.713441564611190415e+01
-8.722043185109326657e+01
-8.730649049130154538e+01
-8.739259156673675477e+01
-8.747873507739889476e+01
-8.756492102328795113e+01
-8.765114940440395230e+01
-8.773742022074685565e+01
-8.782373347231670380e+01
-8.791008915911348254e+01
-8.799648728113717766e+01
-8.808292783838780338e+01
-8.816941083086535969e+01
-8.825593625856983238e+01
-8.834250412150123566e+01
-8.842911441965956953e+01
-8.851576715304483400e+01
-8.860246232165702907e+01
-8.868919992549614051e+01
-8.877597996456218254e+01
-8.886280243885515517e+01
-1.271797406516004258e+02
-1.273040002907324180e+02
-1.274283206035163403e+02
-1.275527015899521786e+02
-1.276771432500399328e+02
-1.278016455837796173e+02
-1.279262085911712035e+02
-1.280508322722147341e+02
-1.281755166269101665e+02
-1.283002616552575148e+02
-1.284250673572568076e+02
-1.285499337329080163e+02
-1.286748607822111126e+02
-1.287998485051661532e+02
-1.289248969017731099e+02
-1.290500059720319825e+02
-1.291751757159427996e+02
-1.293004061335055042e+02
-1.294256972247201531e+02
-1.295510489895867181e+02
-1.296764614281051990e+02
-1.298019345402755675e+02
-1.299274683260979089e+02
-1.300530627855721377e+02
-1.301787179186982826e+02
-1.303044337254763718e+02
-1.304302102059063486e+02
-1.305560473599882698e+02
-1.306819451877221070e+02
-1.308079036891078601e+02
-1.309339228641455577e+02
-1.310600027128351428e+02
-1.311861432351766439e+02
-1.252339906304512169e+02
-1.253544079291343394e+02
-1.254748830929297583e+02
-1.255954161218374736e+02
-1.257160070158574854e+02
-1.258366557749897936e+02
-1.259573623992343840e+02
-1.260781268885912709e+02
-1.261989492430604543e+02
-1.263198294626419198e+02
-1.264407675473357102e+02
-1.265617634971417544e+02
-1.266828173120601093e+02
-1.268039289920907748e+02
-1.269250985372337084e+02
-1.270463259474889526e+02
-1.271676112228564790e+02
-1.272889543633363019e+02
-1.274103553689284354e+02
-1.275318142396328369e+02
-1.276533309754495491e+02
-1.277749055763785435e+02
-1.278965380424198486e+02
-1.280182283735734359e+02
-1.281399765698393196e+02
-1.282617826312174714e+02
-1.283836465577079480e+02
-1.285055683493107210e+02
-1.286275480060257621e+02
-1.287495855278531280e+02
-1.288716809147927620e+02
-1.289938341668446924e+02
-1.291160452840089192e+02
-1.075842869899711332e+02
-1.076861178342588516e+02
-1.077879968482931474e+02
-1.078899240320740489e+02
-1.079918993856015277e+02
-1.080939229088755980e+02
-1.081959946018962597e+02
-1.082981144646634988e+02
-1.084002824971773435e+02
-1.085024986994377514e+02
-1.086047630714447649e+02
-1.087070756131983558e+02
-1.088094363246985523e+02
-1.089118452059453261e+02
-1.090143022569386915e+02
-1.091168074776786483e+02
-1.092193608681651824e+02
-1.093219624283983080e+02
-1.094246121583780251e+02
-1.095273100581043337e+02
-1.096300561275772338e+02
-1.097328503667967112e+02
-1.098356927757627659e+02
-1.099385833544754263e+02
-1.100415221029346782e+02
-1.101445090211405216e+02
-1.102475441090929422e+02
-1.103506273667919402e+02
-1.104537587942375438e+02
-1.105569383914297390e+02
-1.106601661583685114e+02
-1.107634420950538754e+02
-1.108667662014858450e+02
-1.120559050671068206e+02
-1.121603374110649867e+02
-1.122648183960776151e+02
-1.123693480221447345e+02
-1.124739262892663163e+02
-1.125785531974423748e+02
-1.126832287466729241e+02
-1.127879529369579359e+02
-1.128927257682974101e+02
-1.129975472406913894e+02
-1.131024173541398170e+02
-1.132073361086427212e+02
-1.133123035042001163e+02
-1.134173195408119739e+02
-1.135223842184783223e+02
-1.136274975371991331e+02
-1.137326594969744207e+02
-1.138378700978041849e+02
-1.139431293396884257e+02
-1.140484372226271290e+02
-1.141537937466203232e+02
-1.142591989116679940e+02
-1.143646527177701273e+02
-1.144701551649267373e+02
-1.145757062531378381e+02
-1.146813059824034013e+02
-1.147869543527234413e+02
-1.148926513640979437e+02
-1.149983970165269369e+02
-1.151041913100104210e+02
-1.152100342445483534e+02
-1.153159258201407624e+02
-1.154218660367876623e+02
-1.414354313450727147e+02
-1.415652481705386094e+02
-1.416951245450069905e+02
-1.418250604684778864e+02
-1.419550559409512687e+02
-1.420851109624271658e+02
-1.422152255329056061e+02
-1.423453996523865044e+02
-1.424756333208699459e+02
-1.426059265383558738e+02
-1.427362793048443166e+02
-1.428666916203352741e+02
-1.429971634848287465e+02
-1.431276948983246768e+02
-1.432582858608231788e+02
-1.433889363723241388e+02
-1.435196464328276420e+02
-1.436504160423336316e+02
-1.437812452008421360e+02
-1.439121339083531268e+02
-1.440430821648666324e+02
-1.441740899703826813e+02
-1.443051573249011881e+02
-1.444362842284222381e+02
-1.445674706809457746e+02
-1.446987166824718258e+02
-1.448300222330003919e+02
-1.449613873325314444e+02
-1.450928119810650401e+02
-1.452242961786011222e+02
-1.453558399251397191e+02
-1.454874432206808024e+02
-1.456191060652244005e+02
-1.332984051192716777e+02
-1.334189280895422769e+02
-1.335395055211641022e+02
-1.336601374141371252e+02
-1.337808237684614312e+02
-1.339015645841369064e+02
-1.340223598611636646e+02
-1.341432095995416205e+02
-1.342641137992708025e+02
-1.343850724603512390e+02
-1.345060855827829016e+02
-1.346271531665657903e+02
-1.347482752116999052e+02
-1.348694517181852177e+02
-1.349906826860217848e+02
-1.351119681152096064e+02
-1.352333080057486541e+02
-1.353547023576388995e+02
-1.354761511708803710e+02
-1.355976544454730970e+02
-1.357192121814170491e+02
-1.358408243787122274e+02
-1.359624910373586317e+02
-1.360842121573562622e+02
-1.362059877387051188e+02
-1.363278177814052299e+02
-1.364497022854565387e+02
-1.365716412508591020e+02
-1.366936346776128914e+02
-1.368156825657179070e+02
-1.369377849151741486e+02
-1.370599417259815880e+02
-1.371821529981403103e+02
-8.738122829248607104e+01
-8.745907348472881893e+01
-8.753695333645164567e+01
-8.761486784765452285e+01
-8.769281701833749310e+01
-8.777080084850054220e+01
-8.784881933814365595e+01
-8.792687248726683436e+01
-8.800496029587009161e+01
-8.808308276395341352e+01
-8.816123989151681428e+01
-8.823943167856029390e+01
-8.831765812508383817e+01
-8.839591923108746130e+01
-8.847421499657114907e+01
-8.855254542153491570e+01
-8.863091050597874698e+01
-8.870931024990265712e+01
-8.878774465330664611e+01
-8.886621371619069976e+01
-8.894471743855481805e+01
-8.902325582039902940e+01
-8.910182886172329120e+01
-8.918043656252763185e+01
-8.925907892281205136e+01
-8.933775594257653552e+01
-8.941646762182109853e+01
-8.949521396054572620e+01
-8.957399495875044693e+01
-8.965281061643521809e+01
-8.973166093360006812e+01
-8.981054591024499700e+01
-8.988946554636999053e+01
-4.643722674343297996e+01
-4.647799691616646101e+01
-4.651878497840091597e+01
-4.655959093013635908e+01
-4.660041477137277610e+01
-4.664125650211017415e+01
-4.668211612234855323e+01
-4.672299363208791334e+01
-4.676388903132825448e+01
-4.680480232006957664e+01
-4.684573349831187272e+01
-4.688668256605514983e+01
-4.692764952329940797e+01
-4.696863437004465425e+01
-4.700963710629087444e+01
-4.705065773203806856e+01
-4.709169624728625081e+01
-4.713275265203541409e+01
-4.717382694628555129e+01
-4.721491913003666951e+01
-4.725602920328876877e+01
-4.729715716604184905e+01
-4.733830301829591036e+01
-4.737946676005095270e+01
-4.742064839130696896e+01
-4.746184791206397335e+01
-4.750306532232194456e+01
-4.754430062208091101e+01
-4.758555381134085138e+01
-4.762682489010177278e+01
-4.766811385836366810e+01
-4.770942071612655155e+01
-4.775074546339040893e+01
-4.117945915691165482e+01
-4.121509694069089846e+01
-4.125075013873647123e+01
-4.128641875104840153e+01
-4.132210277762665385e+01
-4.135780221847126370e+01
-4.139351707358220267e+01
-4.142924734295948497e+01
-4.146499302660311059e+01
-4.150075412451307244e+01
-4.153653063668937762e+01
-4.157232256313201901e+01
-4.160812990384101084e+01
-4.164395265881633179e+01
-4.167979082805800317e+01
-4.171564441156600367e+01
-4.175151340934035460e+01
-4.178739782138104175e+01
-4.182329764768807223e+01
-4.185921288826143893e+01
-4.189514354310114896e+01
-4.193108961220719522e+01
-4.196705109557958480e+01
-4.200302799321831770e+01
-4.203902030512339394e+01
-4.207502803129479929e+01
-4.211105117173255508e+01
-4.214708972643664708e+01
-4.218314369540708242e+01
-4.221921307864385398e+01
-4.225529787614696886e+01
-4.229139808791642707e+01
-4.232751371395222151e+01
-6.291186545343386882e+01
-6.296554451952041376e+01
-6.301924647646669797e+01
-6.307297132427272146e+01
-6.312671906293849133e+01
-6.318048969246399338e+01
-6.323428321284922760e+01
-6.328809962409420820e+01
-6.334193892619892807e+01
-6.339580111916338012e+01
-6.344968620298757145e+01
-6.350359417767150205e+01
-6.355752504321517193e+01
-6.361147879961858109e+01
-6.366545544688172242e+01
-6.371945498500461724e+01
-6.377347741398723713e+01
-6.382752273382959629e+01
-6.388159094453170184e+01
-6.393568204609353955e+01
-6.398979603851511655e+01
-6.404393292179642572e+01
-6.409809269593748127e+01
-6.415227536093827609e+01
-6.420648091679881020e+01
-6.426070936351908358e+01
-6.431496070109908203e+01
-6.436923492953883397e+01
-6.442353204883832518e+01
-6.447785205899754146e+01
-6.453219496001649702e+01
-6.458656075189520607e+01
-6.464094943463364018e+01
-7.827071506478623064e+01
-7.833657178760051920e+01
-7.840245620457915265e+01
-7.846836831572214521e+01
-7.853430812102946845e+01
-7.860027562050115080e+01
-7.866627081413716382e+01
-7.873229370193753596e+01
-7.879834428390225298e+01
-7.886442256003131490e+01
-7.893052853032470750e+01
-7.899666219478245921e+01
-7.906282355340455581e+01
-7.912901260619099730e+01
-7.919522935314178369e+01
-7.926147379425691497e+01
-7.932774592953639115e+01
-7.939404575898022642e+01
-7.946037328258839239e+01
-7.952672850036091745e+01
-7.959311141229777320e+01
-7.965952201839898805e+01
-7.972596031866453359e+01
-7.979242631309443823e+01
-7.985892000168867355e+01
-7.992544138444726798e+01
-7.999199046137020730e+01
-8.005856723245749151e+01
-8.012517169770912062e+01
-8.019180385712509462e+01
-8.025846371070541352e+01
-8.032515125845007731e+01
-8.039186650035908599e+01
-5.353064186069815378e+01
-5.357506562987715881e+01
-5.361950782450998787e+01
-5.366396844459664806e+01
-5.370844749013713226e+01
-5.375294496113144760e+01
-5.379746085757959406e+01
-5.384199517948155744e+01
-5.388654792683735906e+01
-5.393111909964698469e+01
-5.397570869791044146e+01
-5.402031672162771514e+01
-5.406494317079882705e+01
-5.410958804542376299e+01
-5.415425134550253006e+01
-5.419893307103512115e+01
-5.424363322202154336e+01
-5.428835179846178960e+01
-5.433308880035586697e+01
-5.437784422770377546e+01
-5.442261808050550798e+01
-5.446741035876106451e+01
-5.451222106247045218e+01
-5.455705019163367098e+01
-5.460189774625071379e+01
-5.464676372632158774e+01
-5.469164813184628571e+01
-5.473655096282481480e+01
-5.478147221925716792e+01
-5.482641190114335217e+01
-5.487137000848336044e+01
-5.491634654127719983e+01
-5.496134149952486325e+01
-2.071745165900671637e+01
-2.073441232348400476e+01
-2.075137992767670880e+01
-2.076835447158482850e+01
-2.078533595520836386e+01
-2.080232437854731486e+01
-2.081931974160168508e+01
-2.083632204437146740e+01
-2.085333128685667248e+01
-2.087034746905728610e+01
-2.088737059097332249e+01
-2.090440065260477098e+01
-2.092143765395163868e+01
-2.093848159501392203e+01
-2.095553247579162104e+01
-2.097259029628473570e+01
-2.098965505649326602e+01
-2.100672675641721199e+01
-2.102380539605657717e+01
-2.104089097541135445e+01
-2.105798349448155449e+01
-2.107508295326716308e+01
-2.109218935176819443e+01
-2.110930268998463788e+01
-2.112642296791649699e+01
-2.114355018556377530e+01
-2.116068434292646927e+01
-2.117782544000457889e+01
-2.119497347679810773e+01
-2.121212845330704866e+01
-2.122929036953140525e+01
-2.124645922547118104e+01
-2.126363502112636894e+01
-9.965432176062199332e+00
-9.973481798175335200e+00
-9.981534670034983847e+00
-9.989590791641147050e+00
-9.997650162993821255e+00
-1.000571278409301001e+01
-1.001377865493871155e+01
-1.002184777553092587e+01
-1.002992014586965475e+01
-1.003799576595489640e+01
-1.004607463578665083e+01
-1.005415675536491804e+01
-1.006224212468969803e+01
-1.007033074376099258e+01
-1.007842261257879990e+01
-1.008651773114312000e+01
-1.009461609945395288e+01
-1.010271771751130032e+01
-1.011082258531516054e+01
-1.011893070286553353e+01
-1.012704207016241931e+01
-1.013515668720581786e+01
-1.014327455399573275e+01
-1.015139567053215686e+01
-1.015952003681509730e+01
-1.016764765284454874e+01
-1.017577851862051475e+01
-1.018391263414299175e+01
-1.019204999941198331e+01
-1.020019061442748942e+01
-1.020833447918950654e+01
-1.021648159369803643e+01
-1.022463195795308266e+01
