3.453772148593772266e-06
6.907544297187544532e-06
1.151257382864590840e-05
1.726886074296886175e-05
2.417640504015640713e-05
3.223520672020854284e-05
4.144526578312526550e-05
5.180658222890658526e-05
6.331915605755249535e-05
7.598298726906298900e-05
8.979807586343807298e-05
1.047644218406777608e-04
1.208820252007820390e-04
1.381508859437508940e-04
1.494393740850795318e-03
1.681192958457144570e-03
1.878980365334455760e-03
2.087755961482728670e-03
2.307519746901963084e-03
2.538271721592159653e-03
2.780011885553317942e-03
3.032740238785437085e-03
3.296456781288518816e-03
3.571161513062561833e-03
3.856854434107566572e-03
4.153535544423533898e-03
4.461204844010462078e-03
4.779862332868351979e-03
1.770650322352132532e-03
1.888693677175608005e-03
2.010544882154679559e-03
2.136203937289346978e-03
2.265670842579610260e-03
3.696139628041904702e-03
3.907347606787156362e-03
4.124422473830886837e-03
4.347364229173097429e-03
4.576172872813786402e-03
5.694364375276489074e-03
5.979082594040313614e-03
6.270745159603255403e-03
6.569352071965314441e-03
6.874903331126492462e-03
6.138888976274634382e-03
6.411728486331284491e-03
6.690499290084818938e-03
6.975201387535236858e-03
7.265834778682538249e-03
6.551272691935699187e-03
6.813323599613126981e-03
7.080512760382269913e-03
7.352840174243126248e-03
7.630305841195697721e-03
7.109024896229529204e-03
7.367534892456058075e-03
7.630661138615202170e-03
7.898403634706964091e-03
8.170762380731342103e-03
6.181294192722462492e-03
6.387337332479878574e-03
6.596758228626759327e-03
6.809556881163107353e-03
7.025733290088920051e-03
2.840582589328856464e-03
2.927985130538975165e-03
3.016711952676520182e-03
3.106763055741490649e-03
3.198138439733887433e-03
7.489839796523335876e-04
7.703835219281145782e-04
7.920844662077797119e-04
8.140868124913292056e-04
8.363905607787628423e-04
9.034586126710522982e-03
9.275508423422803780e-03
9.519600750354982599e-03
9.766863107507059438e-03
1.001729549487903603e-02
-1.147279411338747858e-04
-1.175961396622216649e-04
-1.204997480489431821e-04
-1.234387662940393646e-04
-1.264131943975101851e-04
-2.792369941679547548e-03
-2.858072763836713628e-03
-2.924539572298032620e-03
-2.991770367063504524e-03
-3.059765148133129775e-03
5.911203646760026034e-05
6.042563727799138266e-05
6.175367326212305723e-05
6.309614441999529760e-05
6.445305075160810378e-05
6.596323841654600255e-04
6.735193817268381004e-04
6.875510355128139394e-04
7.017273455233874338e-04
7.160483117585584754e-04
3.138663596060167917e-05
3.201436867981371750e-05
3.264831657446348522e-05
3.328847964455100946e-05
3.393485789007626987e-05
3.458745131103928001e-05
3.524625990744002633e-05
3.591128367927851560e-05
3.658252262655474783e-05
-5.324122346813696394e-03
-5.421812665103855483e-03
-5.520391077196653944e-03
-5.619857583092088306e-03
-5.720212182790161172e-03
-5.821454876290872542e-03
-5.923585663594220681e-03
-6.026604544700207323e-03
-6.130511519608831603e-03
-2.464642904525542969e-03
-2.506416513076823241e-03
-2.548541160355425640e-03
-2.591016846361349300e-03
-2.633843571094594653e-03
-2.677021334555161700e-03
-2.720550136743050875e-03
-2.764429977658260876e-03
-2.808660857300793005e-03
-4.689098325592568582e-03
-4.762942393712136721e-03
-4.837363368613888451e-03
-4.912361250297824639e-03
-4.987936038763945285e-03
-5.064087734012249521e-03
-5.140816336042739083e-03
-5.218121844855411369e-03
-5.296004260450268113e-03
-1.568498666100613019e-03
-1.591564822955033936e-03
-1.614799345917881023e-03
-1.638202234989154715e-03
-1.661773490168854794e-03
-1.685513111456981260e-03
-1.709421098853534330e-03
-1.733497452358513571e-03
-1.757742171971919416e-03
3.757921711646923252e-03
3.809755114566191342e-03
3.861943540793125618e-03
3.914486990327725215e-03
3.967385463169992299e-03
4.020638959319924703e-03
4.074247478777524162e-03
4.128211021542789808e-03
4.182529587615720773e-03
2.608019962463623605e-03
2.641890351586527724e-03
2.675979259348934460e-03
2.710286685750844249e-03
2.744812630792256222e-03
2.779557094473170814e-03
2.814520076793588024e-03
2.849701577753507853e-03
2.885101597352930300e-03
9.735375743762750278e-03
9.854828206876404401e-03
9.975009038667579514e-03
1.009591823913627735e-02
1.021755580828249792e-02
1.033992174610624121e-02
1.046301605260750375e-02
1.058683872778629249e-02
1.071138977164260049e-02
1.200358772774755278e-02
1.214316432923298952e-02
1.228354773188308074e-02
1.242473793569782992e-02
1.256673494067723357e-02
1.270953874682129343e-02
1.285314935413000778e-02
1.299756676260338008e-02
1.314279097224140512e-02
2.476771453815998156e-02
2.504139094189655398e-02
2.531657106213717687e-02
2.559325489888184327e-02
2.587144245213056012e-02
2.615113372188332397e-02
2.643232870814013133e-02
2.671502741090099262e-02
2.699922983016589742e-02
2.916007494311078849e-02
2.946702310040669529e-02
2.977557831611775743e-02
3.008574059024398187e-02
3.039750992278537553e-02
3.071088631374192107e-02
3.102586976311363584e-02
3.134246027090050596e-02
3.166065783710254183e-02
2.982205789367507395e-02
3.012177706848587905e-02
3.042299483917073472e-02
3.072571120572965137e-02
3.102992616816261512e-02
3.133563972646963985e-02
3.164285188065071169e-02
3.195156263070583758e-02
3.226177197663502444e-02
4.934509740665068978e-02
4.981956949709925170e-02
5.029631178893752969e-02
5.077532428216549598e-02
5.125660697678318528e-02
5.174015987279056983e-02
5.222598297018767044e-02
5.271407626897446630e-02
5.320443976915097128e-02
7.088187867857859148e-02
7.153516788298945606e-02
7.219145382687008894e-02
7.285073651022050401e-02
7.351301593304068738e-02
7.417829209533065293e-02
7.484656499709038679e-02
7.551783463831988896e-02
7.619210101901917331e-02
7.865303567916520633e-02
7.934908024269762827e-02
8.004819108184034471e-02
8.075036819659332787e-02
8.145561158695659165e-02
8.216392125293013604e-02
8.287529719451393329e-02
8.358973941170802502e-02
8.430724790451238349e-02
9.379773508563976625e-02
9.459601368211328909e-02
9.539767481501255919e-02
9.620271848433756268e-02
9.701114469008829955e-02
9.782295343226476980e-02
9.863814471086697344e-02
9.945671852589491047e-02
1.002786748773485948e-01
1.025434967982834511e-01
1.033840172638431365e-01
1.042279684251806449e-01
1.050753502822959345e-01
1.059261628351890056e-01
1.067804060838598856e-01
1.076380800283085748e-01
1.084991846685350314e-01
1.093637200045392971e-01
1.402303528277923095e-01
1.413388931663519532e-01
1.424517978369531368e-01
1.435690668395959158e-01
1.446907001742802623e-01
1.458166978410061765e-01
1.469470598397736583e-01
1.480817861705827077e-01
1.492208768334333524e-01
1.443318670990360320e-01
1.454336370768912479e-01
1.465395962942060148e-01
1.476497447509803052e-01
1.487640824472141188e-01
1.498826093829074557e-01
1.510053255580603437e-01
1.521322309726727273e-01
1.532633256267446342e-01
1.796244194535757399e-01
1.809500609255578485e-01
1.822805760794222185e-01
1.836159649151689055e-01
1.849562274327978817e-01
1.863013636323091471e-01
1.876513735137026739e-01
1.890062570769785177e-01
1.903660143221366230e-01
2.444183996874558229e-01
2.461642453995090685e-01
2.479163040856265654e-01
2.496745757458083137e-01
2.514390603800543134e-01
2.532097579883645366e-01
2.549866685707390390e-01
2.567697921271777650e-01
2.585591286576807701e-01
3.157464752334629421e-01
3.179315719478813529e-01
3.201242034785564128e-01
3.223243698254880663e-01
3.245320709886763133e-01
3.267473069681212094e-01
3.289700777638226992e-01
3.312003833757808380e-01
3.334382238039955704e-01
3.842129689042227403e-01
3.867915794337812851e-01
3.893788140788232988e-01
3.919746728393487811e-01
3.945791557153577322e-01
3.971922627068502076e-01
3.998139938138260963e-01
4.024443490362855091e-01
4.050833283742283353e-01
4.696560809531392100e-01
4.727157296889902827e-01
4.757853123493083758e-01
4.788648289340935449e-01
4.819542794433457900e-01
4.850536638770650555e-01
4.881629822352513415e-01
4.912822345179047590e-01
4.944114207250251414e-01
4.750357801241323896e-01
4.780423356945382451e-01
4.810583756673744715e-01
4.840839000426410133e-01
4.871189088203378148e-01
4.901634020004649317e-01
4.932173795830223084e-01
4.962808415680100560e-01
4.993537879554280634e-01
5.042144581984204788e-01
5.073173164027184878e-01
5.104296925769682414e-01
5.135515867211699614e-01
5.166829988353234260e-01
5.198239289194287460e-01
5.229743769734858105e-01
5.261343429974948416e-01
5.293038269914557281e-01
5.378487771315139110e-01
5.410694284915829044e-01
5.442996937363087095e-01
5.475395728656914374e-01
5.507890658797311989e-01
5.540481727784277721e-01
5.573168935617813791e-01
5.605952282297919087e-01
5.638831767824592500e-01
4.438587422822021233e-01
4.464468399048388547e-01
4.490424610670762928e-01
4.516456057689144377e-01
4.542562740103532337e-01
4.568744657913927365e-01
4.595001811120328905e-01
4.621334199722738068e-01
4.647741823721153742e-01
4.031292150459393486e-01
4.054197219496094573e-01
4.077167175413919376e-01
4.100202018212868449e-01
4.123301747892940683e-01
4.146466364454137188e-01
4.169695867896457409e-01
4.192990258219900790e-01
4.216349535424468442e-01
2.620600546229684413e-01
2.635119108812674082e-01
2.649677777922136990e-01
2.664276553558071470e-01
2.678915435720478078e-01
2.693594424409357369e-01
2.708313519624709342e-01
2.723072721366533444e-01
2.737872029634829674e-01
3.845239462775434935e-02
3.866024540952599231e-02
3.886865643599243803e-02
3.907762770715368650e-02
3.928715922300973773e-02
3.949725098356059172e-02
3.970790298880624847e-02
3.991911523874670797e-02
4.013088773338197024e-02
-1.731701362884295881e-01
-1.740839628651495163e-01
-1.750001942486503204e-01
-1.759188304389319446e-01
-1.768398714359944168e-01
-1.777633172398377370e-01
-1.786891678504618775e-01
-1.796174232678668659e-01
-1.805480834920527022e-01
-6.759222367279325017e-01
-6.794063719687981617e-01
-6.828994638555272445e-01
-6.864015123881196390e-01
-6.899125175665754561e-01
-6.934324793908948070e-01
-6.969613978610774696e-01
-7.004992729771235549e-01
-7.040461047390329519e-01
-1.191421349170321609e+00
-1.197423471836167153e+00
-1.203440675212228195e+00
-1.209472959298504957e+00
-1.215520324094997662e+00
-1.221582769601705865e+00
-1.227660295818629566e+00
-1.233752902745769209e+00
-1.239860590383124572e+00
-1.667548888664596607e+00
-1.675763415209742480e+00
-1.683998124866792789e+00
-1.692253017635747758e+00
-1.700528093516607164e+00
-1.708823352509371230e+00
-1.717138794614039510e+00
-1.725474419830612449e+00
-1.733830228159090048e+00
-1.262320600741294818e+00
-1.268404073515951636e+00
-1.274502170023239955e+00
-1.280614890263159555e+00
-1.286742234235710436e+00
-1.292884201940892819e+00
-1.299040793378706704e+00
-1.305212008549151870e+00
-1.311397847452228316e+00
-2.108156139874465262e-01
-2.118100272609722001e-01
-2.128067803304355965e-01
-2.138058731958367154e-01
-2.148073058571755289e-01
-2.158110783144520373e-01
-2.168171905676662681e-01
-2.178256426168181936e-01
-2.188364344619078694e-01
5.093505096782631192e-01
5.117031679215807705e-01
5.140612470364267494e-01
5.164247470228011672e-01
5.187936678807039126e-01
5.211680096101349857e-01
5.235477722110946086e-01
5.259329556835824482e-01
5.283235600275987265e-01
-9.414134774666166328e-01
-9.456732669574158257e-01
-9.499426722258466071e-01
-9.542216932719089773e-01
-9.585103300956028249e-01
-9.628085826969284833e-01
-9.671164510758856192e-01
-9.714339352324743437e-01
-9.757610351666948789e-01
-3.139293329908102947e+00
-3.153214808089513710e+00
-3.167167086001414056e+00
-3.181150163643804429e+00
-3.195164041016684386e+00
-3.209208718120054815e+00
-3.223284194953914383e+00
-3.237390471518263979e+00
-3.251527547813103602e+00
-2.098873598804358309e+00
-2.107999136190463751e+00
-2.117144468668513912e+00
-2.126309596238507460e+00
-2.135494518900444394e+00
-2.144699236654326047e+00
-2.153923749500150642e+00
-2.163168057437919956e+00
-2.172432160467632656e+00
4.560051256418423127e-01
4.579497103993767637e-01
4.598984325712890397e-01
4.618512921575790298e-01
4.638082891582467338e-01
4.657694235732921517e-01
4.677346954027153392e-01
4.697041046465162961e-01
4.716776513046949115e-01
1.060792758046454676e+00
1.065231221469243206e+00
1.069678950995210931e+00
1.074135946624357629e+00
1.078602208356683523e+00
1.083077736192188389e+00
1.087562530130872229e+00
1.092056590172735486e+00
1.096559916317777716e+00
-2.756274132440359903e+00
-2.767593533394940408e+00
-2.778936129843280423e+00
-2.790301921785379502e+00
-2.801690909221238535e+00
-2.813103092150856632e+00
-2.824538470574234239e+00
-2.835997044491370911e+00
-2.847478813902267092e+00
-4.203640398201844874e+00
-4.220590561097820270e+00
-4.237574828949320249e+00
-4.254593201756345699e+00
-4.271645679518895733e+00
-4.288732262236971238e+00
-4.305852949910572214e+00
-4.323007742539697773e+00
-4.340196640124348804e+00
-1.551567132493403500e+00
-1.557711952820109991e+00
-1.563868917060505570e+00
-1.570038025214590460e+00
-1.576219277282364439e+00
-1.582412673263827507e+00
-1.588618213158979886e+00
-1.594835896967821132e+00
-1.601065724690351910e+00
1.278024043119760478e+00
1.282996899318670003e+00
1.287979411549033726e+00
1.292971579810851646e+00
1.297973404104123762e+00
1.302984884428850298e+00
1.308006020785030810e+00
1.313036813172665518e+00
1.318077261591754423e+00
5.513546780293449023e-01
5.534631089204704590e-01
5.555755635346707466e-01
5.576920418719457651e-01
5.598125439322952923e-01
5.619370697157196615e-01
5.640656192222185394e-01
5.661981924517921483e-01
5.683347894044404880e-01
-3.036234653407635875e+00
-3.047649069397889932e+00
-3.059084900802760298e+00
-3.070542147622246087e+00
-3.082020809856348187e+00
-3.093520887505065708e+00
-3.105042380568399540e+00
-3.116585289046348795e+00
-3.128149612938914359e+00
-3.280398954752908658e+00
-3.292526122792660548e+00
-3.304675665681194197e+00
-3.316847583418510048e+00
-3.329041876004607659e+00
-3.341258543439487028e+00
-3.353497585723148156e+00
-3.365759002855591042e+00
-3.378042794836815688e+00
-1.356823848261926146e+00
-1.361757753164696938e+00
-1.366700612522826486e+00
-1.371652426336315012e+00
-1.376613194605162516e+00
-1.381582917329368776e+00
-1.386561594508934236e+00
-1.391549226143858231e+00
-1.396545812234141426e+00
8.810697269004859056e-01
8.842220336156932925e-01
8.873799694500350554e-01
8.905435344035110834e-01
8.937127284761214874e-01
8.968875516678661564e-01
9.000680039787450903e-01
9.032540854087582893e-01
9.064457959579059754e-01
1.032849711637133128e+00
1.036486506396418816e+00
1.040129692710641818e+00
1.043779270579801910e+00
1.047435240003899315e+00
1.051097600982933811e+00
1.054766353516905841e+00
1.058441497605814741e+00
1.062123033249661175e+00
-1.200609118165252731e+00
-1.204770674900660810e+00
-1.208939431561216749e+00
-1.213115388146920326e+00
-1.217298544657771986e+00
-1.221488901093771062e+00
-1.225686457454917999e+00
-1.229891213741212797e+00
-1.234103169952655454e+00
-4.642883194508375944e+00
-4.658729212237073369e+00
-4.674602224885240354e+00
-4.690502232452877784e+00
-4.706429234939983886e+00
-4.722383232346560433e+00
-4.738364224672606539e+00
-4.754372211918122204e+00
-4.770407194083106539e+00
-4.435746201125032151e+00
-4.450656272389318602e+00
-4.465591360551699474e+00
-4.480551465612173878e+00
-4.495536587570742704e+00
-4.510546726427406838e+00
-4.525581882182164506e+00
-4.540642054835016594e+00
-4.555727244385963992e+00
4.024321081694683500e+00
4.037646648190360565e+00
4.050994240415783487e+00
4.064363858370951377e+00
4.077755502055864234e+00
4.091169171470521171e+00
4.104604866614923964e+00
4.118062587489070836e+00
4.131542334092962676e+00
8.849131800287654670e+00
8.878003355916652239e+00
8.906921933623221932e+00
8.935887533407361971e+00
8.964900155269074133e+00
8.993959799208356642e+00
9.023066465225214827e+00
9.052220153319639806e+00
9.081420863491640461e+00
1.961177801506664098e+00
1.967483839453630701e+00
1.973799999451876896e+00
1.980126281501402241e+00
1.986462685602206513e+00
1.992809211754290377e+00
1.999165859957653391e+00
2.005532630212295331e+00
2.011909522518216864e+00
-6.902196650858278382e+00
-6.924073660845151856e+00
-6.945985286354154908e+00
-6.967931527385289314e+00
-6.989912383938555962e+00
-7.011927856013952187e+00
-7.033977943611480654e+00
-7.056062646731139587e+00
-7.078181965372929874e+00
1.270518950026652272e+00
1.274489321745485571e+00
1.278465887491961217e+00
1.282448647266079433e+00
1.286437601067840220e+00
1.290432748897243576e+00
1.294434090754289057e+00
1.298441626638977331e+00
1.302455356551308174e+00
2.257573986532733201e+01
2.264531071236994464e+01
2.271498859148492855e+01
2.278477350267228729e+01
2.285466544593201732e+01
2.292466442126411863e+01
2.299477042866859833e+01
2.306498346814544931e+01
2.313530353969467157e+01
2.619134818742234216e+01
2.627095714847833818e+01
2.635068691220665116e+01
2.643053747860727754e+01
2.651050884768021731e+01
2.659060101942547405e+01
2.667081399384304774e+01
2.675114777093293839e+01
2.683160235069514243e+01
1.325722172981426894e+01
1.329697351910906455e+01
1.333678481707046792e+01
1.337665562369848082e+01
1.341658593899310326e+01
1.345657576295433522e+01
1.349662509558217671e+01
1.353673393687662418e+01
1.357690228683768296e+01
7.554580777419045212e+00
7.576931608121468820e+00
7.599315453344869908e+00
7.621732313089251143e+00
7.644182187354608971e+00
7.666665076140946056e+00
7.689180979448261510e+00
7.711729897276555334e+00
7.734311829625827528e+00
2.424113763195122573e+01
2.431191467613210477e+01
2.438279489384677845e+01
2.445377828509523965e+01
2.452486484987749549e+01
2.459605458819353530e+01
2.466734750004337329e+01
2.473874358542700236e+01
2.481024284434442251e+01
3.849316491340328383e+01
3.860409622439292576e+01
3.871518714877966261e+01
3.882643768656351568e+01
3.893784783774447078e+01
3.904941760232253500e+01
3.916114698029770835e+01
3.927303597166998372e+01
3.938508457643937533e+01
4.062982840439081400e+01
4.074541824337912033e+01
4.086117227247962802e+01
4.097709049169233708e+01
4.109317290101724751e+01
4.120941950045435220e+01
4.132583029000365826e+01
4.144240526966516569e+01
4.155914443943886738e+01
3.317243794556506487e+01
3.326561895103013455e+01
3.335893064514241502e+01
3.345237302790192047e+01
3.354594609930863669e+01
3.363964985936257790e+01
3.373348430806372988e+01
3.382744944541209264e+01
3.392154527140768039e+01
2.535700665360862871e+01
2.542734509092792905e+01
2.549778094990556809e+01
2.556831423054154584e+01
2.563894493283586229e+01
2.570967305678851034e+01
2.578049860239949709e+01
2.585142156966882254e+01
2.592244195859648315e+01
2.786389841250724686e+01
2.794023786021274347e+01
2.801668173944725382e+01
2.809323005021077080e+01
2.816988279250329441e+01
2.824663996632483176e+01
2.832350157167537574e+01
2.840046760855492991e+01
2.847753807696349071e+01
3.988361881874303805e+01
3.999155824721054131e+01
4.009964353977056817e+01
4.020787469642312573e+01
4.031625171716819978e+01
4.042477460200579742e+01
4.053344335093592576e+01
4.064225796395857060e+01
4.075121844107373903e+01
4.945408928166021667e+01
4.958631946690529446e+01
4.971872619445377950e+01
4.985130946430565047e+01
4.998406927646092868e+01
5.011700563091959992e+01
5.025011852768167131e+01
5.038340796674713573e+01
5.051687394811600740e+01
4.169842464519348368e+01
4.180859221360878308e+01
4.191890512182411754e+01
4.202936336983945864e+01
4.213996695765482770e+01
4.225071588527021760e+01
4.236161015268562124e+01
4.247264975990104574e+01
4.258383470691649819e+01
2.116415187568206591e+01
2.121941075786400432e+01
2.127474168552466693e+01
2.133014465866405374e+01
2.138561967728216473e+01
2.144116674137899992e+01
2.149678585095456285e+01
2.155247700600884642e+01
2.160824020654186128e+01
2.482781859605810126e+01
2.489189038598341597e+01
2.495604474264831651e+01
2.502028166605281712e+01
2.508460115619691422e+01
2.514900321308060427e+01
2.521348783670388727e+01
2.527805502706676322e+01
2.534270478416923567e+01
4.167296538002863571e+01
4.177927396518176550e+01
4.188571797528414464e+01
4.199229741033575891e+01
4.209901227033660831e+01
4.220586255528669994e+01
4.231284826518603381e+01
4.241996940003460281e+01
4.252722595983242115e+01
4.991758062668319695e+01
5.004347616420320577e+01
5.016953026033470309e+01
5.029574291507768180e+01
5.042211412843214902e+01
5.054864390039809763e+01
5.067533223097554185e+01
5.080217912016446746e+01
5.092918456796487447e+01
3.161228509687020249e+01
3.169111872554070075e+01
3.177005052809497343e+01
3.184908050453302053e+01
3.192820865485484205e+01
3.200743497906043444e+01
3.208675947714980481e+01
3.216618214912294604e+01
3.224570299497986525e+01
1.466991420941216262e+01
1.470609155641441212e+01
1.474231345679966942e+01
1.477857991056793452e+01
1.481489091771920741e+01
1.485124647825348632e+01
1.488764659217077480e+01
1.492409125947107107e+01
1.496058048015437336e+01
2.450479959493411286e+01
2.456456739882419527e+01
2.462440800150098852e+01
2.468432140296449617e+01
2.474430760321471467e+01
2.480436660225164403e+01
2.486449840007528422e+01
2.492470299668563527e+01
2.498498039208270072e+01
4.195966391036478882e+01
4.206089349760330975e+01
4.216224504819994223e+01
4.226371856215469336e+01
4.236531403946757024e+01
4.246703148013855866e+01
4.256887088416766574e+01
4.267083225155489146e+01
4.277291558230024293e+01
4.312012527814184892e+01
4.322303727164577225e+01
4.332607192545184205e+01
4.342922923956005832e+01
4.353250921397042816e+01
4.363591184868295159e+01
4.373943714369761437e+01
4.384308509901443784e+01
4.394685571463340779e+01
2.650437050187531796e+01
2.656695461167903716e+01
2.662961252349903418e+01
2.669234423733531258e+01
2.675514975318786526e+01
2.681802907105669576e+01
2.688098219094180408e+01
2.694400911284319378e+01
2.700710983676085775e+01
1.708142834540169730e+01
1.712133822471338362e+01
1.716129467331247938e+01
1.720129769119899166e+01
1.724134727837290981e+01
1.728144343483424450e+01
1.732158616058298861e+01
1.736177545561914215e+01
1.740201131994270867e+01
2.244835825660108952e+01
2.250026197511346027e+01
2.255222562863566438e+01
2.260424921716769475e+01
2.265633274070955494e+01
2.270847619926124850e+01
2.276067959282276831e+01
2.281294292139411795e+01
2.286526618497529384e+01
3.516654435482794128e+01
3.524701699637217445e+01
3.532758160664959490e+01
3.540823818566020975e+01
3.548898673340401899e+01
3.556982724988102262e+01
3.565075973509122065e+01
3.573178418903460596e+01
3.581290061171118566e+01
4.779945387475861907e+01
4.790771990845002648e+01
4.801610841503023153e+01
4.812461939449922710e+01
4.823325284685701320e+01
4.834200877210359693e+01
4.845088717023896407e+01
4.855988804126312175e+01
4.866901138517607706e+01
3.949012606744348375e+01
3.957866895100276849e+01
3.966731098672730127e+01
3.975605217461707497e+01
3.984489251467208248e+01
3.993383200689233092e+01
4.002287065127782739e+01
4.011200844782855768e+01
4.020124539654452178e+01
6.869031723331632477e+00
6.884279296524377756e+00
6.899543773900263410e+00
6.914825155459289441e+00
6.930123441201455847e+00
6.945438631126762630e+00
6.960770725235209788e+00
6.976119723526798211e+00
6.991485626001527010e+00
-8.413423630742009607e+00
-8.431914671688694796e+00
-8.450426010155631218e+00
-8.468957646142813545e+00
-8.487509579650247105e+00
-8.506081810677926569e+00
-8.524674339225857267e+00
-8.543287165294035646e+00
-8.561920288882463481e+00
3.841364038113315615e+01
3.849723916324661133e+01
3.858092881360149562e+01
3.866470933219780903e+01
3.874858071903554446e+01
3.883254297411471612e+01
3.891659609743530979e+01
3.900074008899733258e+01
3.908497494880077738e+01
8.948602372135322014e+01
8.967888153109751670e+01
8.987194693805359691e+01
9.006521994222144656e+01
9.025870054360109407e+01
9.045238874219251102e+01
9.064628453799571162e+01
9.084038793101069587e+01
9.103469892123744955e+01
4.208009130152524335e+01
4.216991006630971839e+01
4.225982458670696218e+01
4.234983486271698894e+01
4.243994089433979156e+01
4.253014268157537003e+01
4.262044022442372437e+01
4.271083352288485457e+01
4.280132257695876774e+01
-4.755506542585484908e+01
-4.765560467622663765e+01
-4.775625009264950194e+01
-4.785700167512344194e+01
-4.795785942364846477e+01
-4.805882333822457042e+01
-4.815989341885175179e+01
-4.826106966553000888e+01
-4.836235207825934879e+01
-3.587239849050734364e+01
-3.594752393237228461e+01
-3.602272795733540534e+01
-3.609801056539671293e+01
-3.617337175655620030e+01
-3.624881153081388163e+01
-3.632432988816974273e+01
-3.639992682862379070e+01
-3.647560235217602553e+01
9.065522431487609367e+01
9.084330569312271564e+01
9.103158197435199384e+01
9.122005315856389984e+01
9.140871924575844787e+01
9.159758023593563792e+01
9.178663612909546998e+01
9.197588692523792986e+01
9.216533262436303175e+01
1.290301085968977191e+02
1.292953297862027284e+02
1.295608232765234789e+02
1.298265890678599419e+02
1.300926271602121176e+02
1.303589375535799775e+02
1.306255202479635784e+02
1.308923752433628920e+02
1.311595025397779182e+02
2.424642909177835293e+01
2.429581082108951051e+01
2.434524278613750425e+01
2.439472498692233771e+01
2.444425742344400732e+01
2.449384009570251308e+01
2.454347300369785856e+01
2.459315614743004019e+01
2.464288952689906154e+01
-6.125997294774467150e+01
-6.138360558739702810e+01
-6.150736285672645920e+01
-6.163124475573295058e+01
-6.175525128441652356e+01
-6.187938244277715683e+01
-6.200363823081486458e+01
-6.212801864852963973e+01
-6.225252369592147517e+01
9.196771755081396549e+00
9.215165298591559306e+00
9.233577217270065418e+00
9.252007511116911331e+00
9.270456180132098822e+00
9.288923224315629668e+00
9.307408643667502091e+00
9.325912438187716091e+00
9.344434607876269894e+00
1.208299464885698455e+02
1.210694508423628548e+02
1.213091923291794245e+02
1.215491709490195262e+02
1.217893867018832168e+02
1.220298395877704394e+02
1.222705296066812366e+02
1.225114567586155800e+02
1.227526210435734839e+02
1.462893314788382213e+02
1.465767368452013670e+02
1.468644242580476771e+02
1.471523937173771799e+02
1.474406452231898754e+02
1.477291787754857353e+02
1.480179943742648163e+02
1.483070920195270332e+02
1.485964717112724713e+02
9.807972513542250681e+01
9.827072752127531885e+01
9.846191570711438601e+01
9.865328969293966566e+01
9.884484947875120042e+01
9.903659506454897610e+01
9.922852645033299268e+01
9.942064363610322175e+01
9.961294662185972015e+01
2.977791630678095913e+01
2.983540263169752293e+01
2.989294439183580465e+01
2.995054158719579362e+01
3.000819421777750051e+01
3.006590228358091821e+01
3.012366578460605027e+01
3.018148472085289669e+01
3.023935909232145036e+01
1.795920121647668211e+01
1.799357289344601796e+01
1.802797743052717649e+01
1.806241482772015772e+01
1.809688508502496873e+01
1.813138820244160243e+01
1.816592417997006237e+01
1.820049301761034855e+01
1.823509471536246096e+01
9.865424082717430565e+01
9.884144052513859435e+01
9.902881766357486981e+01
9.921637224248316045e+01
9.940410426186343784e+01
9.959201372171574462e+01
9.978010062204003816e+01
9.996836496283634688e+01
1.001568067441046566e+02
1.875351166405085053e+02
1.878879578759563174e+02
1.882411307291066009e+02
1.885946351999593844e+02
1.889484712885146678e+02
1.893026389947723942e+02
1.896571383187326489e+02
1.900119692603954036e+02
1.903671318197606297e+02
1.407316650231621793e+02
1.409942240996979308e+02
1.412570278724839454e+02
1.415200763415202232e+02
1.417833695068067641e+02
1.420469073683435681e+02
1.423106899261306637e+02
1.425747171801680224e+02
1.428389891304556443e+02
-2.748476198763841749e-01
-2.753561261111230896e-01
-2.758651023146556636e-01
-2.763745484869818969e-01
-2.768844646281017896e-01
-2.773948507380153417e-01
-2.779057068167225530e-01
-2.784170328642234238e-01
-2.789288288805179539e-01
-1.852875892193617702e+01
-1.856275664472872222e+01
-1.859678552950365926e+01
-1.863084557626099169e+01
-1.866493678500071951e+01
-1.869905915572284272e+01
-1.873321268842735776e+01
-1.876739738311426819e+01
-1.880161323978357402e+01
1.069976568157552634e+02
1.071923750265209634e+02
1.073872702538419048e+02
1.075823424977181020e+02
1.077775917581495264e+02
1.079730180351361923e+02
1.081686213286781140e+02
1.083644016387752629e+02
1.085603589654276675e+02
1.773007346581192678e+02
1.776207720852999898e+02
1.779410980944709593e+02
1.782617126856321761e+02
1.785826158587836119e+02
1.789038076139253235e+02
1.792252879510572541e+02
1.795470568701794321e+02
1.798691143712918574e+02
7.264168020177000074e+01
7.277174587804890393e+01
7.290192789214201241e+01
7.303222624404932617e+01
7.316264093377084521e+01
7.329317196130656953e+01
7.342381932665648492e+01
7.355458302982061980e+01
7.368546307079894575e+01
-4.616443279170909619e+01
-4.624643000803539650e+01
-4.632849998143031911e+01
-4.641064271189384982e+01
-4.649285819942598863e+01
-4.657514644402674264e+01
-4.665750744569611186e+01
-4.673994120443408917e+01
-4.682244772024068169e+01
-6.316891674832075587e+00
-6.328022761483762082e+00
-6.339163646627219428e+00
-6.350314330262447626e+00
-6.361474812389446676e+00
-6.372645093008216577e+00
-6.383825172118757330e+00
-6.395015049721068934e+00
-6.406214725815150501e+00
1.029760759411987578e+02
1.031561040459910572e+02
1.033362893805691982e+02
1.035166319449331951e+02
1.036971317390830336e+02
1.038777887630187280e+02
1.040586030167402640e+02
1.042395745002476275e+02
1.044207032135408468e+02
1.179327705747633672e+02
1.181373373927595054e+02
1.183420814783622035e+02
1.185470028315714899e+02
1.187521014523873504e+02
1.189573773408097992e+02
1.191628304968388363e+02
1.193684609204744618e+02
1.195742686117166471e+02
3.399106620905345011e+01
3.404957062593650363e+01
3.410812534756321668e+01
3.416673037393360346e+01
3.422538570504765687e+01
3.428409134090536980e+01
3.434284728150674937e+01
3.440165352685179556e+01
3.446051007694050128e+01
-2.984212909115089118e+01
-2.989309771470537669e+01
-2.994410982684651401e+01
-2.999516542757429960e+01
-3.004626451688873701e+01
-3.009740709478982268e+01
-3.014859316127756017e+01
-3.019982271635194948e+01
-3.025109576001298706e+01
-1.036308524678006115e+01
-1.038064979804578947e+01
-1.039822922192055010e+01
-1.041582351840433951e+01
-1.043343268749716302e+01
-1.045105672919901529e+01
-1.046869564350989990e+01
-1.048634943042981504e+01
-1.050401808995876252e+01
5.662137760779495466e+01
5.671661962227400977e+01
5.681194167205934065e+01
5.690734375715096149e+01
5.700282587754886521e+01
5.709838803325305179e+01
5.719403022426352834e+01
5.728975245058028776e+01
5.738555471220333715e+01
1.198816373905462314e+02
1.200817736800129154e+02
1.202820768888202849e+02
1.204825470169683115e+02
1.206831840644570235e+02
1.208839880312864068e+02
1.210849589174564613e+02
1.212860967229671871e+02
1.214874014478185842e+02
9.665089646502552512e+01
9.681104708054336072e+01
9.697133027107406633e+01
9.713174603661762774e+01
9.729229437717401652e+01
9.745297529274324688e+01
9.761378878332533304e+01
9.777473484892026079e+01
9.793581348952804433e+01
-2.021587543053379576e+01
-2.024912522564980222e+01
-2.028240234187930469e+01
-2.031570677922229251e+01
-2.034903853767876569e+01
-2.038239761724873134e+01
-2.041578401793218589e+01
-2.044919773972912935e+01
-2.048263878263956173e+01
-7.951949976173506229e+01
-7.964932751644809628e+01
-7.977926116655649480e+01
-7.990930071206025787e+01
-8.003944615295937126e+01
-8.016969748925386341e+01
-8.030005472094370589e+01
-8.043051784802891291e+01
-8.056108687050947026e+01
5.975089350879561323e+01
5.984773450313726073e+01
5.994465391123951292e+01
6.004165173310235559e+01
6.013872796872580295e+01
6.023588261810984790e+01
6.033311568125449753e+01
6.043042715815975185e+01
6.052781704882559666e+01
2.524302229097438328e+02
2.528363857784642619e+02
2.532428751446675790e+02
2.536496910083537841e+02
2.540568333695228773e+02
2.544643022281748870e+02
2.548720975843097847e+02
2.552802194379275704e+02
2.556886677890282726e+02
1.696135947317569901e+02
1.698845429661527646e+02
1.701557074401609952e+02
1.704270881537816535e+02
1.706986851070147964e+02
1.709704982998603668e+02
1.712425277323183650e+02
1.715147734043888192e+02
1.717872353160717296e+02
-7.788309144178417398e+01
-7.800661736001063673e+01
-7.813024115931334279e+01
-7.825396283969230637e+01
-7.837778240114751327e+01
-7.850169984367897769e+01
-7.862571516728668541e+01
-7.874982837197063645e+01
-7.887403945773084502e+01
-6.608758999818613233e+01
-6.619166494306516313e+01
-6.629582177224386896e+01
-6.640006048572223563e+01
-6.650438108350027733e+01
-6.660878356557799407e+01
-6.671326793195537164e+01
-6.681783418263241003e+01
-6.692248231760912347e+01
2.101578105037737600e+02
2.104864388235607464e+02
2.108153238842225505e+02
2.111444656857592008e+02
2.114738642281706973e+02
2.118035195114570115e+02
2.121334315356181435e+02
2.124636003006541216e+02
2.127940258065649459e+02
3.561860618845180966e+02
3.567391458315437944e+02
3.572926588584352317e+02
3.578466009651924651e+02
3.584009721518155516e+02
3.589557724183044343e+02
3.595110017646591132e+02
3.600666601908795883e+02
3.606227476969659165e+02
1.995495435428747726e+02
1.998572529392400554e+02
2.001651993998552257e+02
2.004733829247202834e+02
2.007818035138352286e+02
2.010904611672000613e+02
2.013993558848148382e+02
2.017084876666794742e+02
2.020178565127940260e+02
5.409788540517038768e+01
5.418073055893021461e+01
5.426363909842361011e+01
5.434661102365055285e+01
5.442964633461105706e+01
5.451274503130512272e+01
5.459590711373274274e+01
5.467913258189392423e+01
5.476242143578866006e+01
1.379214270774164106e+02
1.381311935064314866e+02
1.383411193324291162e+02
1.385512045554092424e+02
1.387614491753719506e+02
1.389718531923171554e+02
1.391824166062449137e+02
1.393931394171551972e+02
1.396040216250480341e+02
3.303331373307044601e+02
3.308321299852825632e+02
3.313314992380905437e+02
3.318312450891284016e+02
3.323313675383961368e+02
3.328318665858936924e+02
3.333327422316211255e+02
3.338339944755784927e+02
3.343356233177656236e+02
4.191992963908650154e+02
4.198282525744971849e+02
4.204576802395264963e+02
4.210875793859527221e+02
4.217179500137759760e+02
4.223487921229962581e+02
4.229801057136136251e+02
4.236118907856279634e+02
4.242441473390393867e+02
3.813615718286513356e+02
3.819299199237760263e+02
3.824986912118233136e+02
3.830678856927933111e+02
3.836375033666859622e+02
3.842075442335012667e+02
3.847780082932391679e+02
3.853488955458997225e+02
3.859202059914830443e+02
2.912317316076607767e+02
2.916628666655551569e+02
2.920943206103266903e+02
2.925260934419753767e+02
2.929581851605011593e+02
2.933905957659041519e+02
2.938233252581842407e+02
2.942563736373414827e+02
2.946897409033758777e+02
2.248307545555453544e+02
2.251613880181270133e+02
2.254922644149207542e+02
2.258233837459264919e+02
2.261547460111442831e+02
2.264863512105741279e+02
2.268181993442159978e+02
2.271502904120698929e+02
2.274826244141358131e+02
3.170445687472774239e+02
3.175077456190776957e+02
3.179712605761858413e+02
3.184351136186018607e+02
3.188993047463257540e+02
3.193638339593575779e+02
3.198287012576972757e+02
3.202939066413448472e+02
3.207594501103002358e+02
4.768236534778379792e+02
4.775157052245401701e+02
4.782082588216751446e+02
4.789013142692427323e+02
4.795948715672431035e+02
4.802889307156761447e+02
4.809834917145419126e+02
4.816785545638404074e+02
4.823741192635715720e+02
4.456274499537353222e+02
4.462700273869779721e+02
4.469130677722617975e+02
4.475565711095867982e+02
4.482005373989531449e+02
4.488449666403606670e+02
4.494898588338095351e+02
4.501352139792995786e+02
4.507810320768308543e+02
2.469912909060284107e+02
2.473451466236588203e+02
2.476992556381522377e+02
2.480536179495086913e+02
2.484082335577281242e+02
2.487631024628106218e+02
2.491182246647560987e+02
2.494736001635646119e+02
2.498292289592361044e+02
1.478882429076132610e+02
1.480987599793678839e+02
1.483094267787695344e+02
1.485202433058182692e+02
1.487312095605140314e+02
1.489423255428568211e+02
1.491535912528466952e+02
1.493650066904836251e+02
1.495765718557675825e+02
3.031067008884976985e+02
3.035354232377034691e+02
3.039644485709016521e+02
3.043937768880921908e+02
3.048234081892751419e+02
3.052533424744503918e+02
3.056835797436180542e+02
3.061141199967780722e+02
3.065449632339305026e+02
4.212833330760065564e+02
4.218754389552419184e+02
4.224679606391678703e+02
4.230608981277842418e+02
4.236542514210910895e+02
4.242480205190884135e+02
4.248422054217762138e+02
4.254368061291544905e+02
4.260318226412232434e+02
2.703144125947021053e+02
2.706919466905047784e+02
2.710697442434573645e+02
2.714478052535597499e+02
2.718261297208121618e+02
2.722047176452143731e+02
2.725835690267664972e+02
2.729626838654685343e+02
2.733420621613204844e+02
8.341015044747641127e+01
8.352591748487749612e+01
8.364176480455138574e+01
8.375769240649809433e+01
8.387370029071762190e+01
8.398978845720995423e+01
8.410595690597511975e+01
8.422220563701310425e+01
8.433853465032387930e+01
8.191227414338067092e+01
8.202525659047499573e+01
8.213831690279818076e+01
8.225145508035024022e+01
8.236467112313117411e+01
8.247796503114098243e+01
8.259133680437967939e+01
8.270478644284722236e+01
8.281831394654365397e+01
2.102307319987878600e+02
2.105189166896703341e+02
2.108072987673274383e+02
2.110958782317590874e+02
2.113846550829653381e+02
2.116736293209461621e+02
2.119628009457015310e+02
2.122521699572315015e+02
2.125417363555360453e+02
2.377100311994609569e+02
2.380338868277980851e+02
2.383579629160591935e+02
2.386822594642443107e+02
2.390067764723534367e+02
2.393315139403865146e+02
2.396564718683435729e+02
2.399816502562246683e+02
2.403070491040296872e+02
1.604649361801023133e+02
1.606822211309216755e+02
1.608996530945629786e+02
1.611172320710262227e+02
1.613349580603114077e+02
1.615528310624185053e+02
1.617708510773475155e+02
1.619890181050985234e+02
1.622073321456714154e+02
5.005810149623821559e+01
5.012547444576209443e+01
5.019289270325470653e+01
5.026035626871607320e+01
5.032786514214618734e+01
5.039541932354503473e+01
5.046301881291263669e+01
5.053066361024898612e+01
5.059835371555406880e+01
1.515519165749518038e+01
1.517546616138480431e+01
1.519575421775029334e+01
1.521605582659164213e+01
1.523637098790885247e+01
1.525669970170192791e+01
1.527704196797086311e+01
1.529739778671566164e+01
1.531776715793632171e+01
1.185031157883569648e+02
1.186606997189265797e+02
1.188183883564268228e+02
1.189761817008576656e+02
1.191340797522191224e+02
1.192920825105111930e+02
1.194501899757338634e+02
1.196084021478871620e+02
1.197667190269710602e+02
1.199251406129855724e+02
1.200836669059306985e+02
1.202422979058064243e+02
1.204010336126127640e+02
1.205598740263497319e+02
1.207188191470172995e+02
1.208778689746154811e+02
1.210370235091442765e+02
1.283329474396466310e+02
1.285016955625126798e+02
1.286705545579956151e+02
1.288395244260954371e+02
1.290086051668120888e+02
1.291777967801455986e+02
1.293470992660959951e+02
1.295165126246632497e+02
1.296860368558473624e+02
1.298556719596483333e+02
1.300254179360661908e+02
1.301952747851009065e+02
1.303652425067524518e+02
1.305353211010208838e+02
1.307055105679061739e+02
1.308758109074083507e+02
1.310462221195273571e+02
-7.980886623425335813e+01
-7.991264889515615266e+01
-8.001649899118625342e+01
-8.012041652234363198e+01
-8.022440148862831677e+01
-8.032845389004027936e+01
-8.043257372657953397e+01
-8.053676099824608059e+01
-8.064101570503993344e+01
-8.074533784696107830e+01
-8.084972742400950096e+01
-8.095418443618522986e+01
-8.105870888348825076e+01
-8.116330076591854947e+01
-8.126796008347614020e+01
-8.137268683616103715e+01
-8.147748102397322612e+01
2.031266618467863339e+02
2.033879180035024490e+02
2.036493420626329112e+02
2.039109340241777488e+02
2.041726938881368767e+02
2.044346216545103800e+02
2.046967173232982020e+02
2.049589808945003995e+02
2.052214123681169156e+02
2.054840117441477503e+02
2.057467790225929605e+02
2.060097142034525177e+02
2.062728172867263936e+02
2.065360882724146165e+02
2.067995271605171865e+02
2.070631339510341036e+02
2.073269086439653677e+02
-8.056107416459778392e+01
-8.066356916989626313e+01
-8.076612933413007056e+01
-8.086875465729924883e+01
-8.097144513940374111e+01
-8.107420078044360423e+01
-8.117702158041879557e+01
-8.127990753932934354e+01
-8.138285865717523393e+01
-8.148587493395646675e+01
-8.158895636967304199e+01
-8.169210296432497387e+01
-8.179531471791224817e+01
-8.189859163043486490e+01
-8.200193370189280984e+01
-8.210534093228612562e+01
-8.220881332161478383e+01
-6.970516367865071672e+00
-6.979289830883153023e+00
-6.988068811802501834e+00
-6.996853310623120770e+00
-7.005643327345008942e+00
-7.014438861968167238e+00
-7.023239914492593883e+00
-7.032046484918290652e+00
-7.040858573245254881e+00
-7.049676179473489235e+00
-7.058499303602993713e+00
-7.067327945633766539e+00
-7.076162105565808602e+00
-7.085001783399120789e+00
-7.093846979133700437e+00
-7.102697692769550208e+00
-7.111553924306670105e+00
6.103756407843365395e+01
6.111357598886757359e+01
6.118963519980579946e+01
6.126574171124834578e+01
6.134189552319520544e+01
6.141809663564637845e+01
6.149434504860186479e+01
6.157064076206167158e+01
6.164698377602579171e+01
6.172337409049421808e+01
6.179981170546697200e+01
6.187629662094403216e+01
6.195282883692541276e+01
6.202940835341110670e+01
6.210603517040111399e+01
6.218270928789544172e+01
6.225943070589407569e+01
-1.413334344435599235e+02
-1.415075976406561153e+02
-1.416818680811002764e+02
-1.418562457648924067e+02
-1.420307306920324777e+02
-1.422053228625205463e+02
-1.423800222763565557e+02
-1.425548289335405343e+02
-1.427297428340725105e+02
-1.429047639779524275e+02
-1.430798923651802852e+02
-1.432551279957561405e+02
-1.434304708696799651e+02
-1.436059209869517304e+02
-1.437814783475714933e+02
-1.439571429515391969e+02
-1.441329147988548698e+02
6.216124874579706017e+01
6.223705514670656669e+01
6.231290774286343748e+01
6.238880653426765122e+01
6.246475152091922922e+01
6.254074270281815018e+01
6.261678007996444251e+01
6.269286365235807779e+01
6.276899341999907023e+01
6.284516938288741983e+01
6.292139154102312659e+01
6.299765989440617631e+01
6.307397444303659739e+01
6.315033518691436143e+01
6.322674212603948263e+01
6.330319526041196099e+01
6.337969459003179651e+01
4.610410419041174634e+01
4.615975187199340724e+01
4.621543311671234022e+01
4.627114792456853820e+01
4.632689629556198696e+01
4.638267822969270782e+01
4.643849372696069366e+01
4.649434278736593740e+01
4.655022541090844612e+01
4.660614159758821273e+01
4.666209134740524433e+01
4.671807466035954093e+01
4.677409153645110251e+01
4.683014197567992198e+01
4.688622597804600645e+01
4.694234354354934879e+01
4.699849467218996324e+01
-3.292295012483877059e+01
-3.296228459332723304e+01
-3.300164254508045758e+01
-3.304102398009845132e+01
-3.308042889838122136e+01
-3.311985729992875349e+01
-3.315930918474105482e+01
-3.319878455281813245e+01
-3.323828340415997218e+01
-3.327780573876658110e+01
-3.331735155663796633e+01
-3.335692085777411364e+01
-3.339651364217503016e+01
-3.343612990984072297e+01
-3.347576966077117788e+01
-3.351543289496640199e+01
-3.355511961242640240e+01
1.452380757802532685e+02
1.454098535162441124e+02
1.455817327757195869e+02
1.457537135586796637e+02
1.459257958651243996e+02
1.460979796950537377e+02
1.462702650484677065e+02
1.464426519253663344e+02
1.466151403257495645e+02
1.467877302496174252e+02
1.469604216969699166e+02
1.471332146678070387e+02
1.473061091621287915e+02
1.474791051799351465e+02
1.476522027212261605e+02
1.478254017860018052e+02
1.479987023742620522e+02
-9.510897247083611727e-01
-9.522034129105958478e-01
-9.533177527735690049e-01
-9.544327442972807551e-01
-9.555483874817310985e-01
-9.566646823269201461e-01
-9.577816288328475647e-01
-9.588992269995137985e-01
-9.600174768269184034e-01
-9.611363783150616014e-01
-9.622559314639435035e-01
-9.633761362735638878e-01
-9.644969927439229762e-01
-9.656185008750204357e-01
-9.667406606668567104e-01
-9.678634721194314672e-01
-9.689869352327447061e-01
-1.280675688801402323e+01
-1.282160530179722713e+01
-1.283646231836941531e+01
-1.285132793773058424e+01
-1.286620215988073568e+01
-1.288108498481986963e+01
-1.289597641254798432e+01
-1.291087644306508153e+01
-1.292578507637116303e+01
-1.294070231246622349e+01
-1.295562815135026824e+01
-1.297056259302329373e+01
-1.298550563748530173e+01
-1.300045728473629225e+01
-1.301541753477626528e+01
-1.303038638760521906e+01
-1.304536384322315712e+01
-1.608110219522198037e+01
-1.609956499912005512e+01
-1.611803839556196039e+01
-1.613652238454769616e+01
-1.615501696607726245e+01
-1.617352214015066281e+01
-1.619203790676789367e+01
-1.621056426592895505e+01
-1.622910121763384694e+01
-1.624764876188257290e+01
-1.626620689867512937e+01
-1.628477562801151635e+01
-1.630335494989173384e+01
-1.632194486431578184e+01
-1.634054537128366391e+01
-1.635915647079537649e+01
-1.637777816285091959e+01
-1.998481371030919149e+02
-2.000753663664268913e+02
-2.003027247372978366e+02
-2.005302122157047506e+02
-2.007578288016476620e+02
-2.009855744951265706e+02
-2.012134492961414480e+02
-2.014414532046923227e+02
-2.016695862207791663e+02
-2.018978483444020071e+02
-2.021262395755608452e+02
-2.023547599142556237e+02
-2.025834093604864563e+02
-2.028121879142532293e+02
-2.030410955755559996e+02
-2.032701323443947388e+02
-2.034992982207695036e+02
-1.739511976808300631e+02
-1.741470886692093814e+02
-1.743430898944982914e+02
-1.745392013566968217e+02
-1.747354230558049721e+02
-1.749317549918227428e+02
-1.751281971647501052e+02
-1.753247495745870879e+02
-1.755214122213336907e+02
-1.757181851049898853e+02
-1.759150682255557001e+02
-1.761120615830311067e+02
-1.763091651774161619e+02
-1.765063790087108089e+02
-1.767037030769150761e+02
-1.769011373820289350e+02
-1.770986819240524142e+02
-2.501070265203093186e+02
-2.503860081449834070e+02
-2.506651452778095006e+02
-2.509444379187875427e+02
-2.512238860679175900e+02
-2.515034897251996426e+02
-2.517832488906336721e+02
-2.520631635642197068e+02
-2.523432337459577184e+02
-2.526234594358477352e+02
-2.529038406338897573e+02
-2.531843773400837563e+02
-2.534650695544297321e+02
-2.537459172769277416e+02
-2.540269205075776711e+02
-2.543080792463796627e+02
-2.545893934933336311e+02
-2.890543764220366256e+02
-2.893737735230553767e+02
-2.896933469891217214e+02
-2.900130968202355461e+02
-2.903330230163968508e+02
-2.906531255776056923e+02
-2.909734045038620138e+02
-2.912938597951658153e+02
-2.916144914515171536e+02
-2.919352994729159718e+02
-2.922562838593622132e+02
-2.925774446108560483e+02
-2.928987817273973633e+02
-2.932202952089861583e+02
-2.935419850556224333e+02
-2.938638512673062451e+02
-2.941858938440375368e+02
-2.372996160682120319e+02
-2.375593857628680041e+02
-2.378192975634838149e+02
-2.380793514700595210e+02
-2.383395474825950942e+02
-2.385998856010905627e+02
-2.388603658255459266e+02
-2.391209881559611290e+02
-2.393817525923362268e+02
-2.396426591346711916e+02
-2.399037077829660518e+02
-2.401648985372207790e+02
-2.404262313974353447e+02
-2.406877063636098626e+02
-2.409493234357442191e+02
-2.412110826138384425e+02
-2.414729838978925613e+02
-2.594647531207185125e+02
-2.597461682542551102e+02
-2.600277359163193296e+02
-2.603094561069112274e+02
-2.605913288260308036e+02
-2.608733540736780014e+02
-2.611555318498528777e+02
-2.614378621545554324e+02
-2.617203449877856087e+02
-2.620029803495434635e+02
-2.622857682398289967e+02
-2.625687086586422083e+02
-2.628518016059830984e+02
-2.631350470818515532e+02
-2.634184450862477433e+02
-2.637019956191716119e+02
-2.639856986806231021e+02
-2.440357727117355751e+02
-2.442980357667723865e+02
-2.445604396719998306e+02
-2.448229844274179925e+02
-2.450856700330268154e+02
-2.453484964888262994e+02
-2.456114637948164727e+02
-2.458745719509972787e+02
-2.461378209573688309e+02
-2.464012108139310158e+02
-2.466647415206838616e+02
-2.469284130776274253e+02
-2.471922254847616500e+02
-2.474561787420865073e+02
-2.477202728496021109e+02
-2.479845078073083471e+02
-2.482488836152052727e+02
-2.151654049256289909e+02
-2.153945480618650095e+02
-2.156238131476147259e+02
-2.158532001828781404e+02
-2.160827091676552527e+02
-2.163123401019460630e+02
-2.165420929857505996e+02
-2.167719678190687773e+02
-2.170019646019006814e+02
-2.172320833342462834e+02
-2.174623240161055833e+02
-2.176926866474785811e+02
-2.179231712283652769e+02
-2.181537777587656706e+02
-2.183845062386797622e+02
-2.186153566681075233e+02
-2.188463290470489824e+02
-2.062852455070735118e+02
-2.065029608057617168e+02
-2.067207909331939391e+02
-2.069387358893702071e+02
-2.071567956742905210e+02
-2.073749702879548522e+02
-2.075932597303632292e+02
-2.078116640015156520e+02
-2.080301831014120921e+02
-2.082488170300525780e+02
-2.084675657874370529e+02
-2.086864293735656020e+02
-2.089054077884381968e+02
-2.091245010320548090e+02
-2.093437091044154386e+02
-2.095630320055201139e+02
-2.097824697353688350e+02
-1.681507151835497780e+02
-1.683266050529886400e+02
-1.685025868669488887e+02
-1.686786606254305525e+02
-1.688548263284336315e+02
-1.690310839759580972e+02
-1.692074335680039496e+02
-1.693838751045712172e+02
-1.695604085856598715e+02
-1.697370340112699409e+02
-1.699137513814013971e+02
-1.700905606960542684e+02
-1.702674619552284980e+02
-1.704444551589241712e+02
-1.706215403071412595e+02
-1.707987173998797061e+02
-1.709759864371395679e+02
-1.377050530025223622e+02
-1.378478265152258473e+02
-1.379906740038426847e+02
-1.381335954683727891e+02
-1.382765909088162459e+02
-1.384196603251730266e+02
-1.385628037174431029e+02
-1.387060210856265030e+02
-1.388493124297232271e+02
-1.389926777497332466e+02
-1.391361170456566185e+02
-1.392796303174933144e+02
-1.394232175652433057e+02
-1.395668787889065925e+02
-1.397106139884832317e+02
-1.398544231639731663e+02
-1.399983063153764533e+02
-1.147111487743712672e+02
-1.148290430691034061e+02
-1.149469979156047827e+02
-1.150650133138754256e+02
-1.151830892639153205e+02
-1.153012257657244675e+02
-1.154194228193028664e+02
-1.155376804246505174e+02
-1.156559985817674203e+02
-1.157743772906535611e+02
-1.158928165513089539e+02
-1.160113163637336129e+02
-1.161298767279275239e+02
-1.162484976438906727e+02
-1.163671791116230594e+02
-1.164859211311247265e+02
-1.166047237023956313e+02
-1.018186347861505823e+02
-1.019223725699367691e+02
-1.020261631733684879e+02
-1.021300065964457104e+02
-1.022339028391684366e+02
-1.023378519015366805e+02
-1.024418537835504424e+02
-1.025459084852097078e+02
-1.026500160065144911e+02
-1.027541763474647780e+02
-1.028583895080605828e+02
-1.029626554883019054e+02
-1.030669742881887316e+02
-1.031713459077210757e+02
-1.032757703468989376e+02
-1.033802476057223032e+02
-1.034847776841911866e+02
-7.324216809412746443e+01
-7.331615008210133055e+01
-7.339016941585407494e+01
-7.346422609538572601e+01
-7.353832012069624113e+01
-7.361245149178564873e+01
-7.368662020865394879e+01
-7.376082627130114133e+01
-7.383506967972721213e+01
-7.390935043393216120e+01
-7.398366853391600273e+01
-7.405802397967873674e+01
-7.413241677122036322e+01
-7.420684690854085375e+01
-7.428131439164023675e+01
-7.435581922051852644e+01
-7.443036139517568017e+01
-4.673676029710097168e+01
-4.678356726785420250e+01
-4.683039766551971894e+01
-4.687725149009752812e+01
-4.692412874158762293e+01
-4.697102941999001047e+01
-4.701795352530469074e+01
-4.706490105753165665e+01
-4.711187201667090818e+01
-4.715886640272244534e+01
-4.720588421568627524e+01
-4.725292545556239787e+01
-4.729999012235080613e+01
-4.734707821605150713e+01
-4.739418973666449375e+01
-4.744132468418976600e+01
-4.748848305862733099e+01
-8.622089370896883054e+01
-8.630651525187742834e+01
-8.639217928686689163e+01
-8.647788581393719198e+01
-8.656363483308834361e+01
-8.664942634432034652e+01
-8.673526034763320069e+01
-8.682113684302689194e+01
-8.690705583050143446e+01
-8.699301731005682825e+01
-8.707902128169305911e+01
-8.716506774541015545e+01
-8.725115670120808886e+01
-8.733728814908687355e+01
-8.742346208904650950e+01
-8.750967852108698253e+01
-8.759593744520830683e+01
-8.768223886141049661e+01
-8.776858276969350925e+01
-8.785496917005737316e+01
-8.794139806250210256e+01
-8.802786944702766903e+01
-8.811438332363408676e+01
-8.820093969232135578e+01
-8.828753855308946186e+01
-8.837417990593841921e+01
-8.846086375086822784e+01
-8.854759008787887353e+01
-8.863435891697038471e+01
-8.872117023814274717e+01
-8.880802405139593247e+01
-8.889492035672998327e+01
-8.898185915414488534e+01
-1.272756042190256238e+02
-1.273999575206563293e+02
-1.275243715416725934e+02
-1.276488462820744161e+02
-1.277733817418618116e+02
-1.278979779210347658e+02
-1.280226348195932644e+02
-1.281473524375373643e+02
-1.282721307748669801e+02
-1.283969698315821972e+02
-1.285218696076829588e+02
-1.286468301031692647e+02
-1.287718513180411719e+02
-1.288969332522985951e+02
-1.290220759059416196e+02
-1.291472792789701884e+02
-1.292725433713843302e+02
-1.293978681831840163e+02
-1.295232537143692753e+02
-1.296486999649400786e+02
-1.297742069348964549e+02
-1.298997746242384039e+02
-1.300254030329658974e+02
-1.301510921610789637e+02
-1.302768420085776029e+02
-1.304026525754617865e+02
-1.305285238617315429e+02
-1.306544558673868437e+02
-1.307804485924277174e+02
-1.309065020368541639e+02
-1.310326162006661548e+02
-1.311587910838637185e+02
-1.312850266864468267e+02
-1.252803518116754731e+02
-1.254008136884174718e+02
-1.255213334516932093e+02
-1.256419111015027141e+02
-1.257625466378459862e+02
-1.258832400607229829e+02
-1.260039913701337468e+02
-1.261248005660782781e+02
-1.262456676485565481e+02
-1.263665926175685712e+02
-1.264875754731143616e+02
-1.266086162151938908e+02
-1.267297148438071872e+02
-1.268508713589542367e+02
-1.269720857606350251e+02
-1.270933580488495807e+02
-1.272146882235978893e+02
-1.273360762848799368e+02
-1.274575222326957515e+02
-1.275790260670453193e+02
-1.277005877879286402e+02
-1.278222073953457141e+02
-1.279438848892965552e+02
-1.280656202697811352e+02
-1.281874135367994825e+02
-1.283092646903515401e+02
-1.284311737304373935e+02
-1.285531406570569857e+02
-1.286751654702103451e+02
-1.287972481698974718e+02
-1.289193887561183089e+02
-1.290415872288729133e+02
-1.291638435881612850e+02
-1.075826500240412713e+02
-1.076844793189054883e+02
-1.077863567827833577e+02
-1.078882824156748796e+02
-1.079902562175800540e+02
-1.080922781884988950e+02
-1.081943483284313743e+02
-1.082964666373775060e+02
-1.083986331153373044e+02
-1.085008477623107410e+02
-1.086031105782978301e+02
-1.087054215632985859e+02
-1.088077807173129798e+02
-1.089101880403410547e+02
-1.090126435323827678e+02
-1.091151471934381334e+02
-1.092176990235071514e+02
-1.093202990225898219e+02
-1.094229471906861590e+02
-1.095256435277961344e+02
-1.096283880339197765e+02
-1.097311807090570710e+02
-1.098340215532080038e+02
-1.099369105663726032e+02
-1.100398477485508550e+02
-1.101428330997427594e+02
-1.102458666199483304e+02
-1.103489483091675254e+02
-1.104520781674004013e+02
-1.105552561946469297e+02
-1.106584823909070963e+02
-1.107617567561809295e+02
-1.108650792904684153e+02
-1.120013753243183032e+02
-1.121057568483857096e+02
-1.122101869898373963e+02
-1.123146657486733773e+02
-1.124191931248936243e+02
-1.125237691184981799e+02
-1.126283937294870299e+02
-1.127330669578601601e+02
-1.128377888036175705e+02
-1.129425592667592895e+02
-1.130473783472852745e+02
-1.131522460451955538e+02
-1.132571623604901276e+02
-1.133621272931689816e+02
-1.134671408432321442e+02
-1.135722030106795728e+02
-1.136773137955112958e+02
-1.137824731977273132e+02
-1.138876812173276107e+02
-1.139929378543122027e+02
-1.140982431086810891e+02
-1.142035969804342557e+02
-1.143089994695717024e+02
-1.144144505760934578e+02
-1.145199502999994934e+02
-1.146254986412898091e+02
-1.147310955999644335e+02
-1.148367411760233239e+02
-1.149424353694665086e+02
-1.150481781802939878e+02
-1.151539696085057614e+02
-1.152598096541018009e+02
-1.153656983170821491e+02
-1.413685699884713358e+02
-1.414983254450922345e+02
-1.416281404225647975e+02
-1.417580149208890248e+02
-1.418879489400649163e+02
-1.420179424800924437e+02
-1.421479955409716638e+02
-1.422781081227025197e+02
-1.424082802252850399e+02
-1.425385118487192528e+02
-1.426688029930051016e+02
-1.427991536581425862e+02
-1.429295638441317919e+02
-1.430600335509726051e+02
-1.431905627786651110e+02
-1.433211515272092527e+02
-1.434517997966050871e+02
-1.435825075868525573e+02
-1.437132748979516919e+02
-1.438441017299024907e+02
-1.439749880827049253e+02
-1.441059339563590527e+02
-1.442369393508648443e+02
-1.443680042662222718e+02
-1.444991287024313920e+02
-1.446303126594921480e+02
-1.447615561374045683e+02
-1.448928591361686529e+02
-1.450242216557844017e+02
-1.451556436962518148e+02
-1.452871252575708922e+02
-1.454186663397416055e+02
-1.455502669427640114e+02
-1.332279773907028471e+02
-1.333484366830995214e+02
-1.334689504080729421e+02
-1.335895185656231376e+02
-1.337101411557501081e+02
-1.338308181784538533e+02
-1.339515496337343734e+02
-1.340723355215916683e+02
-1.341931758420257097e+02
-1.343140705950365543e+02
-1.344350197806241738e+02
-1.345560233987885397e+02
-1.346770814495296804e+02
-1.347981939328476244e+02
-1.349193608487423148e+02
-1.350405821972137801e+02
-1.351618579782620202e+02
-1.352831881918870067e+02
-1.354045728380887965e+02
-1.355260119168673612e+02
-1.356475054282227006e+02
-1.357690533721547865e+02
-1.358906557486636473e+02
-1.360123125577493113e+02
-1.361340237994117217e+02
-1.362557894736509070e+02
-1.363776095804668671e+02
-1.364994841198596021e+02
-1.366214130918291119e+02
-1.367433964963753965e+02
-1.368654343334984276e+02
-1.369875266031982335e+02
-1.371096733054748427e+02
-8.734058862177420224e+01
-8.741839760941053328e+01
-8.749624124040734330e+01
-8.757411951476461809e+01
-8.765203243248237186e+01
-8.772997999356061882e+01
-8.780796219799934477e+01
-8.788597904579854969e+01
-8.796403053695821939e+01
-8.804211667147838227e+01
-8.812023744935900993e+01
-8.819839287060013078e+01
-8.827658293520173061e+01
-8.835480764316380942e+01
-8.843306699448635300e+01
-8.851136098916938977e+01
-8.858968962721290552e+01
-8.866805290861690025e+01
-8.874645083338137397e+01
-8.882488340150631245e+01
-8.890335061299174413e+01
-8.898185246783765479e+01
-8.906038896604404442e+01
-8.913896010761091304e+01
-8.921756589253826064e+01
-8.929620632082608722e+01
-8.937488139247437857e+01
-8.945359110748317732e+01
-8.953233546585244085e+01
-8.961111446758218335e+01
-8.968992811267240484e+01
-8.976877640112310530e+01
-8.984765933293428475e+01
-4.642593519714740324e+01
-4.646669545631961284e+01
-4.650747360064283953e+01
-4.654826963011709040e+01
-4.658908354474235836e+01
-4.662991534451864339e+01
-4.667076502944594552e+01
-4.671163259952427182e+01
-4.675251805475361522e+01
-4.679342139513397569e+01
-4.683434262066536036e+01
-4.687528173134776210e+01
-4.691623872718117383e+01
-4.695721360816561685e+01
-4.699820637430106984e+01
-4.703921702558754703e+01
-4.708024556202504129e+01
-4.712129198361355975e+01
-4.716235629035308818e+01
-4.720343848224364081e+01
-4.724453855928521051e+01
-4.728565652147780440e+01
-4.732679236882140827e+01
-4.736794610131603633e+01
-4.740911771896168148e+01
-4.745030722175835081e+01
-4.749151460970603011e+01
-4.753273988280473361e+01
-4.757398304105445419e+01
-4.761524408445519896e+01
-4.765652301300696081e+01
-4.769781982670973974e+01
-4.773913452556353576e+01
-4.118239592155714490e+01
-4.121803624688952539e+01
-4.125369198758752276e+01
-4.128936314365115123e+01
-4.132504971508041081e+01
-4.136075170187529437e+01
-4.139646910403580904e+01
-4.143220192156195480e+01
-4.146795015445372456e+01
-4.150371380271111832e+01
-4.153949286633414317e+01
-4.157528734532280623e+01
-4.161109723967708618e+01
-4.164692254939699723e+01
-4.168276327448253937e+01
-4.171861941493370551e+01
-4.175449097075050275e+01
-4.179037794193292399e+01
-4.182628032848097632e+01
-4.186219813039465976e+01
-4.189813134767396718e+01
-4.193407998031890571e+01
-4.197004402832946823e+01
-4.200602349170566185e+01
-4.204201837044748657e+01
-4.207802866455493529e+01
-4.211405437402801510e+01
-4.215009549886671891e+01
-4.218615203907105382e+01
-4.222222399464101272e+01
-4.225831136557660273e+01
-4.229441415187782383e+01
-4.233053235354466892e+01
-6.292185267206478727e+01
-6.297554025966893221e+01
-6.302925074176673803e+01
-6.308298411835818342e+01
-6.313674038944327549e+01
-6.319051955502202134e+01
-6.324432161509440675e+01
-6.329814656966044595e+01
-6.335199441872013182e+01
-6.340586516227346436e+01
-6.345975880032045069e+01
-6.351367533286107658e+01
-6.356761475989534915e+01
-6.362157708142327550e+01
-6.367556229744484853e+01
-6.372957040796006822e+01
-6.378360141296894170e+01
-6.383765531247145475e+01
-6.389173210646762158e+01
-6.394583179495742797e+01
-6.399995437794088815e+01
-6.405409985541800211e+01
-6.410826822738874853e+01
-6.416245949385316294e+01
-6.421667365481120271e+01
-6.427091071026291047e+01
-6.432517066020824359e+01
-6.437945350464724470e+01
-6.443375924357988538e+01
-6.448808787700617984e+01
-6.454243940492611387e+01
-6.459681382733970167e+01
-6.465121114424694326e+01
-7.827052437205895785e+01
-7.833638093442500860e+01
-7.840226519088793111e+01
-7.846817714144773959e+01
-7.853411678610441982e+01
-7.860008412485797180e+01
-7.866607915770840975e+01
-7.873210188465569104e+01
-7.879815230569987250e+01
-7.886423042084092572e+01
-7.893033623007885069e+01
-7.899646973341364742e+01
-7.906263093084531590e+01
-7.912881982237385614e+01
-7.919503640799926814e+01
-7.926128068772156610e+01
-7.932755266154072160e+01
-7.939385232945677728e+01
-7.946017969146967630e+01
-7.952653474757947549e+01
-7.959291749778613223e+01
-7.965932794208966072e+01
-7.972576608049007518e+01
-7.979223191298734719e+01
-7.985872543958150516e+01
-7.992524666027253488e+01
-7.999179557506045057e+01
-8.005837218394522381e+01
-8.012497648692686880e+01
-8.019160848400539976e+01
-8.025826817518080247e+01
-8.032495556045307694e+01
-8.039167063982220895e+01
-5.353441803595725901e+01
-5.357884493889166322e+01
-5.362329026857967307e+01
-5.366775402502128145e+01
-5.371223620821649547e+01
-5.375673681816530802e+01
-5.380125585486771911e+01
-5.384579331832373583e+01
-5.389034920853335109e+01
-5.393492352549657909e+01
-5.397951626921339852e+01
-5.402412743968381648e+01
-5.406875703690784718e+01
-5.411340506088547642e+01
-5.415807151161670419e+01
-5.420275638910153759e+01
-5.424745969333996953e+01
-5.429218142433200711e+01
-5.433692158207765033e+01
-5.438168016657688497e+01
-5.442645717782973236e+01
-5.447125261583617117e+01
-5.451606648059622273e+01
-5.456089877210986572e+01
-5.460574949037711434e+01
-5.465061863539797571e+01
-5.469550620717242850e+01
-5.474041220570048694e+01
-5.478533663098214390e+01
-5.483027948301739940e+01
-5.487524076180626054e+01
-5.492022046734872731e+01
-5.496521859964479262e+01
-2.072191578757131580e+01
-2.073888010667698367e+01
-2.075585136699341149e+01
-2.077282956852060636e+01
-2.078981471125856118e+01
-2.080680679520727949e+01
-2.082380582036676486e+01
-2.084081178673701018e+01
-2.085782469431801900e+01
-2.087484454310979132e+01
-2.089187133311233069e+01
-2.090890506432563001e+01
-2.092594573674969283e+01
-2.094299335038451915e+01
-2.096004790523010897e+01
-2.097710940128646584e+01
-2.099417783855357911e+01
-2.101125321703145943e+01
-2.102833553672010325e+01
-2.104542479761951057e+01
-2.106252099972968139e+01
-2.107962414305061571e+01
-2.109673422758230998e+01
-2.111385125332477131e+01
-2.113097522027799613e+01
-2.114810612844198090e+01
-2.116524397781673272e+01
-2.118238876840224805e+01
-2.119954050019852332e+01
-2.121669917320556209e+01
-2.123386478742336791e+01
-2.125103734285193369e+01
-2.126821683949126296e+01
-9.972480534231660698e+00
-9.980535849687420580e+00
-9.988594417188176422e+00
-9.996656236733930001e+00
-1.000472130832467954e+01
-1.001278963196042504e+01
-1.002086120764116828e+01
-1.002893603536690570e+01
-1.003701411513764086e+01
-1.004509544695337020e+01
-1.005318003081409728e+01
-1.006126786671982209e+01
-1.006935895467054110e+01
-1.007745329466625783e+01
-1.008555088670696875e+01
-1.009365173079267741e+01
-1.010175582692338203e+01
-1.010986317509908261e+01
-1.011797377531978093e+01
-1.012608762758547343e+01
-1.013420473189616366e+01
-1.014232508825184986e+01
-1.015044869665253202e+01
-1.015857555709821014e+01
-1.016670566958888600e+01
-1.017483903412455604e+01
-1.018297565070522381e+01
-1.019111551933088755e+01
-1.019925864000154725e+01
-1.020740501271720291e+01
-1.021555463747785630e+01
-1.022370751428350388e+01
-1.023186364313414920e+01
