7.817037629650571470e-04
4.191994206871899747e-02
1.007176366155137712e-02
2.065144681064683130e-02
3.138844753201186499e-02
3.348215291890851292e-02
3.542825506736992092e-02
3.817638694273909478e-02
3.300067992508112780e-02
1.509018116801972946e-02
3.961929341058319926e-03
4.761385390287440483e-02
-6.026757895365892096e-04
-1.462651779301092810e-02
3.088405421793181016e-04
3.438478458687057975e-03
3.056001762738187310e-04
-5.150855245919058745e-02
-2.371512330167100183e-02
-4.490873155234103437e-02
-1.496101239477248650e-02
3.571711986775991804e-02
2.470986923631538282e-02
9.197985333486814741e-02
1.131248185010347712e-01
2.328880935642964611e-01
2.736258010575232102e-01
2.793142933896851643e-01
4.613775688327398372e-01
6.617070455814594299e-01
7.331924925509175628e-01
8.732017783035667113e-01
9.534383863900349754e-01
1.302347231529769500e+00
1.339002419208712880e+00
1.664752257351649556e+00
2.263137932642416139e+00
2.921014683385785293e+00
3.551471124902723986e+00
4.337886532724123612e+00
4.384354711455949349e+00
4.650432528616465611e+00
4.957390009457288471e+00
4.088532172281199806e+00
3.711166233747018151e+00
2.411144211727847431e+00
3.536012403479317223e-01
-1.591630987127375052e+00
-6.209481357475081786e+00
-1.094013533816144879e+01
-1.530535833500660026e+01
-1.158111882010033611e+01
-1.933335946592710908e+00
4.669305637072186599e+00
-8.626881444189374193e+00
-2.875740036106485675e+01
-1.922004452286231668e+01
4.174398724855552523e+00
9.707697858305524008e+00
-2.521591404780392764e+01
-3.844583426433581508e+01
-1.418633781295195462e+01
1.168205031788074066e+01
5.038433607082898114e+00
-2.773882975114560878e+01
-2.996204812950492169e+01
-1.238978738510722977e+01
8.043583429859122447e+00
9.427108906683210776e+00
-1.095590289967437947e+01
-4.235867296204394705e+01
-4.046057979507951785e+01
3.670046029039512092e+01
8.068551205974881668e+01
1.787846783195823619e+01
-6.291024992111093184e+01
1.157812423043983685e+01
2.056951999755593476e+02
2.385982037092914254e+02
1.207510587109362064e+02
6.879863012182083537e+01
2.207268788549111775e+02
3.504454189416134682e+02
3.698434818125211905e+02
3.019174355531942524e+02
2.307534270452728435e+02
2.535320780783999339e+02
3.628506413772894916e+02
4.498619197572502912e+02
3.792640628128940534e+02
1.924727384599012225e+02
2.257638874079600555e+02
3.788951731815066637e+02
4.538037839142339180e+02
2.873568231102067898e+02
1.333353548609630934e+02
2.227009523925337646e+02
3.812914852559516703e+02
3.917962627347983471e+02
2.407985618391791149e+02
1.551735225839785528e+02
2.039087927166808925e+02
3.194036396626319743e+02
4.341029498083768772e+02
3.586070071970059416e+02
6.237161809630731568e+01
-7.638819514245967923e+01
3.487399525185627454e+02
8.123345328087632424e+02
3.819623407174414069e+02
-4.316239197943685895e+02
-3.255627033019513874e+02
8.226843203013052062e+02
1.170841813472380409e+03
2.199998238831011861e+02
-5.558010004500607693e+02
8.343465687623914562e+01
1.096111594307655650e+03
1.326974268403204405e+03
8.896092193083479742e+02
2.700754110166488999e+02
1.628729515685794809e+02
8.946422615709311685e+02
1.700546190127706495e+03
1.276057666448768941e+03
-2.491974280716725776e+00
-1.679853659244783159e+02
9.700036363200030110e+02
1.607252200188759844e+03
6.584672585383636942e+02
-4.184379065068922614e+02
-5.725356726625814474e+01
9.332789025453226941e+02
1.068774231099683675e+03
3.080299804877388397e+02
-2.704176853095981414e+02
-9.390134036574539778e+01
5.130278339571283368e+02
1.086153664160333392e+03
8.756346266449514815e+02
-1.831421664725135656e+02
-7.203581922384952350e+02
5.412509041313502394e+02
2.286521295250192907e+03
1.536294653151506509e+03
-7.054029780426151319e+02
-5.985418862804925766e+02
1.903272480279781121e+03
3.225621621762314135e+03
1.807043343552013994e+03
4.898687185835062792e+02
1.248857824487823564e+03
2.990993605792461040e+03
3.795475694565894628e+03
3.452750226087853207e+03
2.636633233050824856e+03
2.035400002126659729e+03
2.870103885276168512e+03
4.316368899618169053e+03
4.033818725151815670e+03
2.235681700925443693e+03
1.338585377874037704e+03
2.743419763223247173e+03
3.812900736930534094e+03
2.446443071201806106e+03
7.548657110846430669e+02
7.412843760650467857e+02
1.902467817349925326e+03
2.151067602048900426e+03
1.452019032927460557e+03
4.529521455183780176e+02
1.371277454654555470e+02
2.036055583672352668e+03
2.204685244563245305e+03
-1.370911023751646553e+03
3.488798262350513141e+03
-1.383521889594789400e+03
-1.196957213970282652e+02
1.048008373495318665e+03
-2.426427505822217427e+03
1.067082311970444607e+03
7.913606788654451520e+02
-5.650556084567324433e+02
2.492478096328606625e+03
-1.632043004484828330e+01
-2.197401012672621050e+02
-2.758968815787170001e+02
-3.428409303690586967e+03
-2.983886496092233301e+03
-4.289866697344287786e+03
-4.957482333145480879e+03
-4.069518783685530707e+03
-4.449276980611998624e+03
-4.184371689714167587e+03
-3.689058275933105961e+03
-3.536536537787788347e+03
-2.882545702638583407e+03
-2.360453402391611689e+03
-1.966164328450973244e+03
-1.745061047318430838e+03
-1.255203803094255363e+03
-8.009066033735123256e+02
-2.890729503844822830e+03
-4.266084767456482950e+03
-4.198171309633225974e+03
-3.604256128620162144e+03
-3.751424086858768533e+03
-4.733998436482052057e+03
-4.460422744417497597e+03
-2.923511584165302793e+03
-1.553674859732750747e+03
-1.377921263421746289e+03
-2.104893096790472100e+03
-2.617850668199767370e+03
-1.790193736303607693e+03
-6.928182527235701400e+02
-3.333628073477860312e+02
