2.792985862705872884e-03
1.313062550981184025e-02
4.187746045532950677e-03
2.080962122029474462e-02
2.207907101918392054e-02
6.721148055592304771e-03
2.040956099594853565e-02
2.575979185696881946e-02
2.450049992500339183e-02
2.073285559684111615e-02
4.357531711667272240e-02
6.129565890881024520e-02
4.367909943370040099e-02
3.838994959277055447e-02
1.337274237963758938e-01
1.680401153855552165e-01
1.289548366646878219e-01
1.731205640550273483e-01
3.291730350123987514e-01
3.104036689796287884e-01
4.565850565432156838e-01
4.614312520662715578e-01
5.312102848747055628e-01
4.794042226856737865e-01
4.453554733767356444e-01
3.286188313014750673e-01
7.305633390255185378e-02
-1.698895091311597161e-01
-6.478050316605856729e-01
-1.168566922325168234e+00
-1.652947077644332019e+00
-2.085577485239237472e+00
-2.807615326752567420e+00
-3.615296037625514991e+00
-4.019204461967897934e+00
-5.553677963756564750e+00
-5.892933542169823902e+00
-6.342094039820903362e+00
-6.703785558554223201e+00
-7.563214637620422565e+00
-8.120498934224810839e+00
-8.152842461054106593e+00
-9.331028132352439997e+00
-9.793116262700488406e+00
-9.818407100826307854e+00
-9.380995933270352083e+00
-8.496993355941501846e+00
-3.474401325617026526e+00
-3.750209312216252755e+00
1.033253782648386965e+00
6.373982109682540198e+00
1.130392923702823538e+01
1.723426195013649576e+01
2.420284227168214741e+01
3.186512275862838806e+01
3.746692461632164850e+01
3.879838335521095871e+01
3.889986426510278505e+01
4.066544406004484813e+01
3.672695497869359116e+01
2.923212333122988582e+01
1.904624633651236820e+01
8.632957409319024222e+00
-1.113576847248569424e+00
-1.224112644538575800e+01
-1.947004907194211043e+01
-2.861291583292137020e+01
-3.601264445043476314e+01
-4.694751594091778912e+01
-4.526938073665953510e+01
-5.135055066324697748e+01
-5.244088131665817087e+01
-5.795080265041286083e+01
-5.616417401240176588e+01
-5.273273163303148436e+01
-5.114472664766383048e+01
-3.662784838164604651e+01
-3.005135508895368446e+01
-9.845086489994757883e+00
1.183571978632871113e+00
2.787994564406711007e+01
4.442767055377421315e+01
7.031064290504188818e+01
1.009851865387542347e+02
1.366920026601242739e+02
1.609789058063533389e+02
1.732056371679203721e+02
1.838808329608668259e+02
1.849147902470358815e+02
1.838074130486692752e+02
1.592618772450784377e+02
1.460891462572910200e+02
1.184623873817072877e+02
7.425704664835592439e+01
3.739754402829202462e+01
-1.697786664785741806e+01
-7.217172156927556159e+01
-1.251454502729296792e+02
-1.896408706653052150e+02
-2.540827980137328268e+02
-3.290979438355778939e+02
-4.022348030866879185e+02
-4.574293932845515656e+02
-5.407651084429082857e+02
-5.761608266599361059e+02
-6.430879796608395509e+02
-6.812173761833158778e+02
-7.292800130756648969e+02
-7.448974847591865682e+02
-7.329479893498499905e+02
-7.116318127300227161e+02
-6.274117114425741875e+02
-5.330951933272201586e+02
-3.995807449645927250e+02
-2.495642406502309427e+02
-9.091739389946131666e+01
1.466616487386455105e+02
3.158244868817624251e+02
4.953133856317915615e+02
6.494576204412614970e+02
7.363347054828251430e+02
8.240683929413997930e+02
8.819706826050683048e+02
7.951470049312504216e+02
7.456964306362760908e+02
6.581156299667811709e+02
5.685460173590952309e+02
4.101718720403057432e+02
2.821748280584992017e+02
9.655436026358383117e+01
-1.171589412717082723e+02
-2.776701729815996487e+02
-4.589903220289739352e+02
-6.850989557977526374e+02
-9.255579852228257778e+02
-1.102913040374658522e+03
-1.263081386773371833e+03
-1.444000576569067107e+03
-1.544728452070590038e+03
-1.650682615600828285e+03
-1.731604580701523673e+03
-1.653460408815783921e+03
-1.611972807849060018e+03
-1.438588127848738168e+03
-1.205384721062512654e+03
-7.989490946795450554e+02
-4.063560460708015967e+02
1.879657496205505041e+00
4.365131715110399568e+02
8.795501727893092720e+02
1.243436701785543619e+03
1.599863893487329960e+03
1.872805876606170614e+03
2.057257318784852032e+03
2.115090862614623802e+03
2.120740792506328035e+03
2.070517284398953961e+03
1.970497099782892974e+03
1.718490054322173819e+03
1.390284143140922879e+03
1.155040863486351100e+03
8.177075579575667916e+02
3.874483950906176233e+02
-5.851242929281932703e+01
-4.251661786596856132e+02
-1.001686001119604498e+03
-1.490366371359258210e+03
-1.966735618384567715e+03
-2.543961223681362299e+03
-2.965188718977574808e+03
-6.828748208319946571e+03
-8.165094932108581816e+03
-8.736865351494758215e+03
-8.538316750614123521e+03
-7.476695985942732477e+03
-5.190025502204473014e+03
-1.868087248690247407e+03
1.089199662576315632e+03
3.763697192262854514e+03
5.786977376236518467e+03
6.688612634834568780e+03
6.710547060028332453e+03
5.799588279665350456e+03
4.313486905634494178e+03
2.759500610509358012e+03
7.577908538308885227e+02
-7.528592222682415240e+02
-2.489170803303637058e+03
-3.357751824084702548e+03
-3.830218897542242303e+03
-3.452296491639261603e+03
-2.741231738222330023e+03
-1.786131895667574099e+03
-5.882573827462862681e+01
1.366333676176836207e+03
2.573269154996496127e+03
3.561824408503383893e+03
4.251750681800875100e+03
4.236748140457785667e+03
3.534036057345932932e+03
4.953179661572608893e+03
2.528086472984799457e+03
-9.835874576134909830e+01
-1.303285342736696748e+03
-1.317419287013436360e+03
-6.342121804400384235e+02
6.842214899669456827e+02
1.545415738078447703e+03
2.047235598116347774e+03
1.940327703181993911e+03
1.570825580246905020e+03
9.502376076477895595e+02
6.701829725141986955e+02
3.694820434813260022e+02
3.672220217663730750e+02
-3.392905852349136636e-02
-8.871052480425033471e-01
-1.098878987193373374e-01
-6.006542797597973493e-01
-2.700017014636187374e-01
-8.912191266422634373e-01
-9.965358396356549520e-01
-1.420678477440557197e+00
-1.448368010437615983e+00
-1.744113994818428992e+00
-2.007453962684306426e+00
1.257959144721957079e-01
-1.231238412584712227e+00
-1.180978675441133774e+00
-3.934774590776132008e+00
-1.512346532521179565e+00
-2.067407823459333382e+00
-2.681043568269293242e+00
8.160271022623094339e+00
7.215048035162372031e+00
1.288664014618017006e+01
2.341366094325863401e+01
3.945390111459719407e+01
4.695009808502229731e+01
5.696973604915176992e+01
6.846719213221017242e+01
8.572614546991405859e+01
8.967827892441589199e+01
9.466789657816195813e+01
1.000730150185911214e+02
9.891316540119839829e+01
9.697385909419929817e+01
7.950449377931661843e+01
6.177523832150367866e+01
4.459924389057717065e+01
3.511129906462078054e+01
9.142608592513502330e+00
-3.726486089604886587e+01
-7.534424197500061382e+01
-9.520641838715484084e+01
-1.454730280816129664e+02
-1.682799072973087391e+02
-2.237905087836642792e+02
-2.551464192734869698e+02
-3.052930299976511037e+02
-3.581772246137412026e+02
-4.130669649619513848e+02
-4.490965765392358549e+02
-4.462298723975915209e+02
-4.785724281611354058e+02
-4.366040088344120136e+02
-4.032315928874098745e+02
-3.125637747059711273e+02
-2.146938251547256584e+02
-6.374734132079987603e+01
8.906489289061914860e+01
2.417867529162535334e+02
3.991498482115984530e+02
5.992555902182419914e+02
8.028227003802738864e+02
9.199318489251595565e+02
9.301495136090888991e+02
9.397227081187829754e+02
8.700788801547715821e+02
7.790204647535630329e+02
6.605340727235974327e+02
4.861329225622023955e+02
3.105974554497920508e+02
8.498601146534151951e+01
-1.465696311219703887e+02
-3.442246617958562638e+02
-5.578375051698756124e+02
-7.004340421228481546e+02
-8.690557984169254269e+02
-1.064718528482464535e+03
-1.202406919165694944e+03
-1.322113317907980445e+03
-1.424798905104890082e+03
-1.417460134106109763e+03
-1.479885017907270367e+03
-1.389714444401257879e+03
-1.256567754683268731e+03
-1.060451188696187728e+03
-8.043361991189573246e+02
-4.629961623968233653e+02
-4.414089221513731331e+01
3.152515408977616858e+02
7.741552034959851198e+02
1.112105203188632913e+03
1.508452408743521119e+03
1.801141695134625479e+03
2.116098989791452823e+03
2.460201843540118261e+03
2.529032468678507030e+03
2.666938120586796231e+03
2.732571801505524945e+03
2.722480490945327801e+03
2.611190208239645472e+03
2.542426480574698417e+03
2.267886629850330337e+03
2.057254442130739335e+03
1.774849398292411024e+03
1.359925875851506134e+03
9.901821593208939021e+02
4.365748697905180506e+02
-6.321311110184129234e+01
-6.161453481763838909e+02
-1.189398718336184629e+03
-1.899528448610701844e+03
-2.552539456480836634e+03
-3.038418910402024721e+03
-3.470636032810720735e+03
-3.878702212001076987e+03
-4.030654941226852770e+03
-3.507884150151773611e+03
-3.376866446197745518e+03
-3.008643842565309114e+03
-2.615712100137303423e+03
-1.962115552425588930e+03
-1.274159427083113542e+03
-5.540408370798749047e+02
8.149413085432740900e+00
7.816329516330980596e+02
1.233021543089164879e+03
1.693679522841903690e+03
2.059347797839970553e+03
2.410976982812836468e+03
2.626480486026313429e+03
2.738973178902507243e+03
2.818979695166747661e+03
2.736361536503698517e+03
2.763153110723071677e+03
2.531768329975496727e+03
2.442428380670221486e+03
2.062870405887807919e+03
1.613047340811061304e+03
1.152088193879761548e+03
6.696814901543909855e+02
1.519477008179819961e+02
-5.026375504202792399e+02
-1.149384661777844940e+03
-1.680685897200057752e+03
-2.171930681375671156e+03
-2.587330550373585538e+03
-3.069220806170808373e+03
-3.375173894885339450e+03
-3.289728826476318773e+03
-3.277328179903986438e+03
-2.942531097466185656e+03
-2.438814033080556328e+03
-2.138686907930461985e+03
-1.496886287379292753e+03
-8.260503259527818045e+02
-4.589116179493696563e+02
9.276135246628945197e+01
7.506513059949871831e+02
1.041758526772916866e+03
1.662413022697008500e+03
1.786096731827252370e+03
2.159403578990791175e+03
2.516414649808894865e+03
2.426705256277573426e+03
2.490867876521030212e+03
2.578416176598717357e+03
2.592736877858486423e+03
2.539773146892831846e+03
2.256828232326361558e+03
2.098119820203687595e+03
1.993143662782496904e+03
1.678139618514330323e+03
2.522282363729465033e+03
9.624688599300957321e+02
-7.195314108440068424e+01
-1.819757830244730030e+03
-2.955055158414570542e+03
-3.408965419381191623e+03
-3.762701700252932369e+03
-3.216696447864921993e+03
-2.304229639379233049e+03
-1.461772808344449913e+03
-2.952013787899426234e+02
3.067935106361181283e+02
1.226705553380390029e+03
1.639709623176076093e+03
1.845669403604423223e+03
1.583517932852238800e+03
1.480747225792639483e+03
1.107375727212116544e+03
8.313595098517831730e+02
5.674000493431339009e+02
-6.674113979395667684e+01
-3.938336783436691917e+02
-7.117212984423457556e+02
-7.611683633850283286e+02
-4.907388780817116185e+02
-6.606094335555176258e+02
-3.951067724049020740e+02
-1.089320947612828263e+02
1.954238517442847467e+01
1.168524827206458916e+01
3.391834337653464093e+00
8.287812290327854825e+00
3.498709130202058049e+01
4.709019301579487404e+01
3.674450308235029183e+01
5.086013257736567539e+01
4.898407989549505714e+01
5.493919126619596938e+01
3.668336506365686489e+01
7.467446034161125112e+01
9.587673150712211623e+01
1.000211230236759832e+02
4.292942100656274818e+01
8.277051243012645898e+01
7.626762878144612046e+01
1.271420878936060106e+01
-1.690141741137174636e+00
-2.009360493705407436e+01
-1.266924708669595105e+02
-7.846984743738148893e+01
3.776210396488895071e+01
1.870559926009966034e+01
-7.292183604261204266e+01
6.160308345148908415e+01
1.635400574126945799e+02
4.938947498299056065e+02
5.377659726428921658e+02
8.657303208143700886e+02
1.050659670025614787e+03
1.095780023614370293e+03
1.303845506873284876e+03
1.575733932559676077e+03
1.794080358227452052e+03
1.950536827608723570e+03
1.903095761247790506e+03
1.935066313875742253e+03
2.026126423231152785e+03
2.014686251516064431e+03
1.880072053303205166e+03
1.820484680710949533e+03
1.644265842575266333e+03
1.458013278721805364e+03
1.259107440693220951e+03
1.009435978008395409e+03
6.189204627215310666e+02
1.494231858329413569e+02
-2.063929771602714993e+02
-7.058354907279497183e+02
-1.166574520071471170e+03
-1.596953294407411931e+03
-2.075562475467099830e+03
-2.556965482015469206e+03
-2.511560180979563938e+03
-2.641592089914445751e+03
-2.638747934427811288e+03
-2.408658807621618507e+03
-2.002843334503831102e+03
-1.261266482210447293e+03
-8.514241310605161743e+02
2.999728642255158206e+01
1.134480678321822097e+03
2.162397938918180444e+03
3.100796266899413695e+03
3.961781809274601073e+03
4.447746081907047483e+03
4.894080328758533142e+03
5.214534807119159268e+03
5.494768299201164155e+03
5.271984442155453507e+03
4.939394015363060134e+03
4.487300406986684720e+03
4.030729116398854785e+03
3.535570373112154357e+03
2.697706433382542400e+03
1.848882289813406487e+03
9.677543600878371990e+02
2.145804136805546420e+02
-6.961946143256637924e+02
-1.531030149010011428e+03
-2.325114786451897999e+03
-2.779152967167796305e+03
-3.703112150428486984e+03
-4.002841692356589192e+03
-4.174162499358606510e+03
-4.212406804905942408e+03
-4.206624319671838748e+03
-3.809062895615874822e+03
-3.469023333279322742e+03
-2.693960915001002832e+03
-2.223916687996604651e+03
-1.599894001196659701e+03
-8.892874764403736663e+02
-6.240335044016624124e+02
-3.364261137491190112e+01
1.103550262736824834e+03
1.243870068248332018e+03
2.170192642559584328e+03
2.618459150287902048e+03
2.917923890168889102e+03
3.258026356644035786e+03
3.752979602234212507e+03
3.872436661432487199e+03
3.835753381569576959e+03
3.964157770600867934e+03
3.929339727957530613e+03
3.693174706469393186e+03
3.375294071707321564e+03
2.893359788167741044e+03
2.428440996239765809e+03
1.733921512210671835e+03
1.171002672582826108e+03
3.207645895762559576e+02
-6.967990838664072726e+02
-9.072343358418977459e+02
-1.670841671328723578e+03
-1.831863853645465952e+03
-2.247024755662558164e+03
-2.118187109860378769e+03
-2.465672214695299772e+03
-2.505454680468110382e+03
-2.150845285688915283e+03
-1.890060969352828579e+03
-1.936190972613734175e+03
-1.509939847354600715e+03
-1.467095632777501351e+03
-8.988165443508790986e+02
-7.994508489531207260e+02
-5.477704046308792840e+02
-1.323863799151757270e+01
9.537373304926366302e+01
4.277703765949052013e+02
5.534760150863345416e+02
5.274885781440095798e+02
7.226210762093623998e+02
7.664482240722138613e+02
1.046138752973423607e+03
1.039016011685788271e+03
1.249341077209212472e+03
9.117702093744480862e+02
1.008127314598281146e+03
8.228259119830378268e+02
6.677513263868860349e+02
5.298288167915750364e+02
3.939481598470574113e+02
2.824715826206112865e+02
-1.176044265140742624e+02
-2.838403516764171286e+02
-4.173620283486785638e+02
-5.356968660996931249e+02
-5.555103621388501551e+02
-6.358483222070484544e+02
-6.000261481774156209e+02
-7.373364862397361321e+02
-7.193002493561047004e+02
-4.691393384425205682e+02
-4.379304810489804822e+02
-4.840556211569372067e+02
-3.822650631337573941e+02
-3.221743765118281999e+02
-3.500938876680588692e+02
-2.561314179515096612e+02
-8.874255656046351248e+01
-4.663156177071310537e+01
-1.759391471678314289e+01
-1.140760966199865294e+02
5.409017509476784724e+00
9.588257483612046883e+01
1.991213259190853933e+02
1.893467936558481028e+02
3.708692880164784924e+02
3.519142686573692345e+02
3.383915606194717043e+02
2.807263828929766305e+02
1.108674314729808685e+02
2.297636232122011393e+02
8.585553015742222627e+00
-1.681197741612977268e+02
-2.767133549016302823e+02
-2.278180476995543131e+02
-4.120316668618402218e+02
-2.292178052083044690e+02
-1.279793512938898914e+02
-1.260042852333239409e+02
-1.091429493489199132e+01
-5.594662585547258260e+01
-5.252407686578880686e+01
6.718928774061879494e+01
6.303223700506691785e+01
8.647641916593195788e+01
1.117019385058485881e+02
1.183276271195070350e+01
3.607789912044533764e+01
5.743926906043073899e+01
2.716153219323139112e+01
-3.696712691619374169e+01
1.974341986831355555e+01
4.265617918798080943e+00
-3.610799547070310211e+01
