5.464644250762081511e-03
1.314595603007965956e-02
1.019782209251484870e-02
2.153633358085813021e-02
2.645139827027463003e-02
6.718129823778559891e-03
2.879933549271561366e-02
4.084558580177066744e-02
4.800079079906332397e-02
5.329148765009514288e-02
7.555928857368693352e-02
7.883195477341456425e-02
7.890771546712091467e-02
7.747640294732083266e-02
2.126407880178979026e-01
1.990829231977649105e-01
2.457932635287452261e-01
2.770449473206035851e-01
3.079747807704086293e-01
3.244325704404276700e-01
3.609281012918572062e-01
3.827969130064439174e-01
3.863679005678956058e-01
2.756137531971863952e-01
2.599529584194178455e-01
2.272526122042436425e-01
9.610255598938463595e-02
1.589834624369931282e-01
-1.281645790551569075e-01
-3.432645384241203579e-01
-4.904651721513637597e-01
-9.959756268203703300e-01
-1.526618541582922317e+00
-2.490767479203936041e+00
-3.062277285908521662e+00
-4.479964550781662780e+00
-5.872825399090995546e+00
-7.783624620236187397e+00
-9.676296373104227300e+00
-1.222431002327707716e+01
-1.553239564583078192e+01
-1.782425797315305616e+01
-2.099126414932339202e+01
-2.271132292124684326e+01
-2.300280732629554592e+01
-2.055477101230141557e+01
-1.655199510271843977e+01
-5.827610353411237121e+00
1.410388618932814531e+00
1.245809215523141056e+01
2.297732821409341497e+01
3.215065273818869684e+01
3.715926838395687071e+01
4.155146236813878602e+01
4.242835448209329741e+01
4.431955360658049159e+01
4.100211582291533574e+01
3.875445263995203504e+01
3.552915037856607228e+01
2.982258198367373581e+01
2.173098402189397049e+01
1.257662930525602007e+01
6.446456907999388086e+00
-3.514535791618635940e+00
-1.449012708882835554e+01
-2.225562436696565527e+01
-3.401414422506275059e+01
-4.541044903436245761e+01
-5.850016176335068963e+01
-6.744961229040850981e+01
-7.588625096086248334e+01
-8.285346780479041229e+01
-8.736095884457071747e+01
-8.286400290244348810e+01
-7.129366747352192135e+01
-5.355747497961669978e+01
-2.248174403382428466e+01
9.908791625197368447e+00
5.239868668705857857e+01
8.604565698557227904e+01
1.244842548846473420e+02
1.502173289007636470e+02
1.762150784622525634e+02
1.865395670180260197e+02
2.011314702597847486e+02
2.101350987167594724e+02
1.962102617884093547e+02
1.864740458663187042e+02
1.683694083576083074e+02
1.446840562635951528e+02
1.166652124979955829e+02
9.574992217416414064e+01
5.787352188318727286e+01
1.771202110141153696e+01
-1.771146479826857245e+01
-6.849397212731980744e+01
-1.254078063872472484e+02
-1.836312630139821920e+02
-2.462779109366654779e+02
-3.179549245072628878e+02
-4.033722553895381111e+02
-4.992295369293223075e+02
-5.899845275433639245e+02
-7.054170178204732338e+02
-7.997828006274295376e+02
-9.098290235516315079e+02
-9.955605128208754877e+02
-1.071350003433164375e+03
-1.117811313484514358e+03
-1.126771214885810650e+03
-1.066115180859989096e+03
-9.280101029757938704e+02
-7.312844967838888124e+02
-4.871319595727123897e+02
-2.228041074933098287e+02
6.262316747470383405e+01
3.824875585296453551e+02
6.228101330540358731e+02
8.568754806473378949e+02
1.015431699885316561e+03
1.089386786994698468e+03
1.133325390319611643e+03
1.135939274766178187e+03
1.024263200531985603e+03
9.133167429022533952e+02
7.931692575565078869e+02
6.220450554411643225e+02
4.143265040424017229e+02
2.394473698233989865e+02
2.074114085760334447e+01
-2.475687299398509822e+02
-4.668574632782488152e+02
-7.031505937980302861e+02
-1.001660014931085470e+03
-1.269416985592562924e+03
-1.565372033122378980e+03
-1.771477910926459117e+03
-1.988030955028111521e+03
-2.149843066636230105e+03
-2.312940995313905205e+03
-2.369600822334253735e+03
-2.329554293155631058e+03
-2.217328412654398562e+03
-1.951240536297378185e+03
-1.608236106155351990e+03
-1.026437460735286322e+03
-4.423509228979020236e+02
1.591429333718884607e+02
8.076440201908940253e+02
1.411809039423424110e+03
1.910609970870769303e+03
2.394640988709304565e+03
2.688237773065494366e+03
2.897894822732952889e+03
2.991888622713300720e+03
2.930475694844012651e+03
2.828382848884470150e+03
2.589924080659236552e+03
2.314811942161528805e+03
1.821064336995694930e+03
1.445296711202571032e+03
9.829383665151926834e+02
4.037420227032737330e+02
-1.788760475331512509e+02
-7.175618742611941343e+02
-1.450813649609824324e+03
-2.146299457883414107e+03
-2.779567410555527658e+03
-3.562376254217422229e+03
-4.132366576995627838e+03
-9.592299435226546848e+03
-1.135077729237670246e+04
-1.217425884435908847e+04
-1.199438593272507205e+04
-1.038052713544151266e+04
-7.138897150674120894e+03
-2.655248671050980192e+03
1.808950663875197051e+03
5.490651138657026422e+03
8.190107349868563688e+03
9.381287840286451683e+03
9.367728105882199088e+03
8.145811752174811772e+03
6.065482189337044474e+03
3.664406075156031420e+03
9.051286929050110075e+02
-1.189752512705228355e+03
-3.316798229492043902e+03
-4.607420408557902192e+03
-5.472090155304285872e+03
-4.825529577368732134e+03
-4.011427026587766704e+03
-2.370851599039226585e+03
-1.261641028061652889e+02
2.121519727684112240e+03
3.738617620846009231e+03
5.035813728075777362e+03
5.988460009088767947e+03
5.968667115612974158e+03
4.911094218422980703e+03
7.297748724883584146e+03
3.581791734510529750e+03
-6.094262399452889412e+01
-1.961138758611106596e+03
-1.997375929976557472e+03
-1.030867841020204878e+03
8.551894404332696240e+02
2.136871071807830504e+03
2.867634134610126694e+03
2.574956716070686980e+03
2.178516347769918866e+03
1.269672129171593269e+03
1.033340255917319610e+03
5.340428345399558339e+02
4.331180443459571165e+02
