1.378706423416377206e-03
5.331487530057477282e-03
2.792907807005467081e-03
1.313025854763540459e-02
4.187629010407542887e-03
2.080903965288289151e-02
2.207845397440194937e-02
6.720960219367992303e-03
2.040899060903760692e-02
2.575907194691752500e-02
2.449981520843985336e-02
2.073227617480155952e-02
4.357409931534284020e-02
6.129394587629839741e-02
4.367787873196147391e-02
3.838887670713802408e-02
1.337236865101019967e-01
1.680354191609600145e-01
1.289512327581192608e-01
1.731157258469066540e-01
3.291638355989159881e-01
3.103949941144552582e-01
4.565722963402876755e-01
4.614183564265013082e-01
5.311954391171948009e-01
4.793908247544924617e-01
4.453430270074689723e-01
3.286096473763481796e-01
7.305429219393171081e-02
-1.698847612214750558e-01
-6.477869274244894005e-01
-1.168534264333299877e+00
-1.652900882658671522e+00
-2.085519199512290367e+00
-2.807536862201877703e+00
-3.615195000785995205e+00
-4.019092137081638150e+00
-5.553522754870954259e+00
-5.892768852093438703e+00
-6.341916797036078357e+00
-6.703598207560391486e+00
-7.563003268123805078e+00
-8.120271990279116281e+00
-8.152614613202427307e+00
-9.330767357693286357e+00
-9.792842574043756798e+00
-9.818132705365396617e+00
-9.380733762158838474e+00
-8.496755890089421115e+00
-3.474304226368303716e+00
-3.750104504949433704e+00
1.033224906258865206e+00
6.373803975720393034e+00
1.130361332561396104e+01
1.723378030344953871e+01
2.420216587377031203e+01
3.186423222262223121e+01
3.746587752650927428e+01
3.879729905506184906e+01
3.889877712886217154e+01
4.066430758106699273e+01
3.672592856884565293e+01
2.923130637977609680e+01
1.904571405021699704e+01
8.632716143673484055e+00
-1.113545726066780484e+00
-1.224078434207932631e+01
-1.946950494161279721e+01
-2.861211618648713539e+01
-3.601163800345500476e+01
-4.694620389659706206e+01
-4.526811559125816586e+01
-5.134911556711858793e+01
-5.243941574901040781e+01
-5.794918309674796575e+01
-5.616260438972702929e+01
-5.273125790902990673e+01
-5.114329730370839400e+01
-3.662682474153460532e+01
-3.005051524239344118e+01
-9.844811348923768080e+00
1.183538901294025170e+00
2.787916648198341818e+01
4.442642893168483909e+01
7.030867793037043612e+01
1.009823643012445160e+02
1.366881825226327294e+02
1.609744069216969820e+02
1.732007965822576239e+02
1.838756940350313585e+02
1.849096224251500757e+02
1.838022761747033655e+02
1.592574263462958299e+02
1.460850634974084699e+02
1.184590767080865703e+02
7.425497138336315572e+01
3.739649887746204371e+01
-1.697739216666140294e+01
-7.216970458295574531e+01
-1.251419528274524140e+02
-1.896355707634392900e+02
-2.540756971504507362e+02
-3.290887465206716342e+02
-4.022235618127159569e+02
-4.574166094849070419e+02
-5.407499956563173100e+02
-5.761447246676304985e+02
-6.430700072524056168e+02
-6.811983381709375180e+02
-7.292596318546311522e+02
-7.448766670759754334e+02
-7.329275056197197955e+02
-7.116119247240307004e+02
-6.273941771395069509e+02
-5.330802948920895687e+02
-3.995695778637016247e+02
-2.495572660672726499e+02
-9.091485302700122872e+01
1.466575499790106107e+02
3.158156605207493044e+02
4.952995430865241815e+02
6.494394700201927435e+02
7.363141271039881985e+02
8.240453626652886214e+02
8.819460341310867761e+02
7.951247829224590760e+02
7.456755906248888550e+02
6.580972375799343581e+02
5.685301281782044498e+02
4.101604089487138936e+02
2.821669421060012155e+02
9.655166185457353833e+01
-1.171556670255540666e+02
-2.776624129208979639e+02
-4.589774946059841909e+02
-6.850798093066958927e+02
-9.255321186125549957e+02
-1.102882217214755656e+03
-1.263046087381552752e+03
-1.443960221020586005e+03
-1.544685281475682359e+03
-1.650636483900189205e+03
-1.731556187471118619e+03
-1.653414199484034043e+03
-1.611927757973143343e+03
-1.438547923562202186e+03
-1.205351034121981684e+03
-7.989267664135819587e+02
-4.063446896202682979e+02
1.879604965333680822e+00
4.365009722579776508e+02
8.795255919614235154e+02
1.243401951404611509e+03
1.599819182019781465e+03
1.872753537216855648e+03
2.057199824522860581e+03
2.115031752076003613e+03
2.120681524068865201e+03
2.070459419560111201e+03
1.970442030212607960e+03
1.718442027604022314e+03
1.390245288808001078e+03
1.155008583507852336e+03
8.176847054479942472e+02
3.874375670530491789e+02
-5.851079404334960543e+01
-4.251542965215383560e+02
-1.001658006956280133e+03
-1.490324720023842929e+03
-1.966680653936571389e+03
-2.543890127483644847e+03
-2.965105850716269742e+03
-6.828557364989370399e+03
-8.164866741836544861e+03
-8.736621181929325758e+03
-8.538078129895289749e+03
-7.476487034386730556e+03
-5.189880456330412926e+03
-1.868035041172636511e+03
1.089169222664793551e+03
3.763592008049651213e+03
5.786815647321824144e+03
6.688425707879110632e+03
6.710359520070516737e+03
5.799426198313175519e+03
4.313366356423663092e+03
2.759423490622788904e+03
7.577696758161170010e+02
-7.528381820779975442e+02
-2.489101238336239476e+03
-3.357657984844800012e+03
-3.830111854243975813e+03
-3.452200010155316704e+03
-2.741155128896748010e+03
-1.786081978559868276e+03
-5.882409426910007966e+01
1.366295491188681581e+03
2.573197239728714976e+03
3.561724866037866832e+03
4.251631857935043627e+03
4.236629735868646094e+03
3.533937291482704950e+03
4.953041234839814024e+03
2.528015820439446998e+03
-9.835599692509704539e+01
-1.303248919763128015e+03
-1.317382469037897181e+03
-6.341944560839609721e+02
6.842023679984655473e+02
1.545372548275927329e+03
2.047178383931829558e+03
1.940273476757181015e+03
1.570781680314392361e+03
9.502110513150108773e+02
6.701642428807919032e+02
3.694717175501867814e+02
3.672117589961615067e+02
-3.392811030658039045e-02
-8.870804560725926713e-01
-1.098848276773334576e-01
-6.006374932478659723e-01
-2.699941557140323467e-01
-8.911942197016041733e-01
-9.965079894041229958e-01
-1.420638773675819921e+00
-1.448327532832265785e+00
-1.744065251986870013e+00
-2.007397860278927304e+00
1.257923988481664812e-01
-1.231204003109912293e+00
-1.180945670577447704e+00
-3.934664625455238873e+00
-1.512304266905215799e+00
-2.067350045520739421e+00
-2.680968641025189836e+00
8.160042967165074046e+00
7.214846395893314224e+00
1.288628000267356732e+01
2.341300660063256345e+01
3.945279849466404443e+01
4.694878596853827446e+01
5.696814391339891159e+01
6.846527867653966837e+01
8.572374967750526764e+01
8.967577268155730508e+01
9.466525089023636497e+01
1.000702182735795276e+02
9.891040107055574993e+01
9.697114896143646945e+01
7.950227186368499588e+01
6.177351188616463418e+01
4.459799747352010257e+01
3.511031780758069942e+01
9.142353083623635968e+00
-3.726381945332030199e+01
-7.534213632611159994e+01
-9.520375764913623584e+01
-1.454689625404125479e+02
-1.682752043712382601e+02
-2.237842545003395287e+02
-2.551392886851341189e+02
-3.052844979597330166e+02
-3.581672146188788020e+02
-4.130554209610686485e+02
-4.490840256171923670e+02
-4.462174015914564507e+02
-4.785590534761527124e+02
-4.365918070427150042e+02
-4.032203237561089963e+02
-3.125550394722265537e+02
-2.146878250968238149e+02
-6.374555977101038451e+01
8.906240379008713148e+01
2.417799956910918979e+02
3.991386931529979734e+02
5.992388427955497718e+02
8.028002638584797523e+02
9.199061395487706250e+02
9.301235186791697060e+02
9.396964456463703073e+02
8.700545640215232197e+02
7.789986934339088975e+02
6.605156127484228819e+02
4.861193365837456213e+02
3.105887751688593426e+02
8.498363635749075229e+01
-1.465655349339559450e+02
-3.442150417338888815e+02
-5.578219152602523536e+02
-7.004144670614502957e+02
-8.690315108757879443e+02
-1.064688772746287896e+03
-1.202373315445926664e+03
-1.322076368748150571e+03
-1.424759086186377317e+03
-1.417420520284556915e+03
-1.479843659494707708e+03
-1.389675605989732276e+03
-1.256532637328215742e+03
-1.060421552219546584e+03
-8.043137202993464143e+02
-4.629832230224344016e+02
-4.413965860765493687e+01
3.152427305488956222e+02
7.741335681460043361e+02
1.112074123134946149e+03
1.508410251956813227e+03
1.801091358547383834e+03
2.116039851078658103e+03
2.460133088169530311e+03
2.528961789695370044e+03
2.666863587548258238e+03
2.732495434199581268e+03
2.722404405661689907e+03
2.611117233190498609e+03
2.542355427268514177e+03
2.267823249121592198e+03
2.057196947949140849e+03
1.774799796497161196e+03
1.359887869942433781e+03
9.901544866559491993e+02
4.365626688131712285e+02
-6.321134448220765023e+01
-6.161281287348730302e+02
-1.189365478157184725e+03
-1.899475362404475618e+03
-2.552468120546864156e+03
-3.038333995573294487e+03
-3.470539038790804625e+03
-3.878593813737460096e+03
-4.030542296333540435e+03
-3.507786115157061431e+03
-3.376772072760646097e+03
-3.008559759861727798e+03
-2.615638998714643094e+03
-1.962060717094781694e+03
-1.274123818092807824e+03
-5.540253532759041946e+02
8.149185333421927524e+00
7.816111073021565971e+02
1.232987083781137017e+03
1.693632189504781081e+03
2.059290245155266803e+03
2.410909603131626227e+03
2.626407083659093132e+03
2.738896632696983943e+03
2.818900913015547303e+03
2.736285063285861270e+03
2.763075888759915870e+03
2.531697574533121951e+03
2.442360122015393245e+03
2.062812754756620052e+03
1.613002260905124103e+03
1.152055996419651592e+03
6.696627745359339769e+02
1.519434543288140560e+02
-5.026235031862519236e+02
-1.149352539873467094e+03
-1.680638926996370401e+03
-2.171869982332103518e+03
-2.587258242131361385e+03
-3.069135030520124019e+03
-3.375079568750046747e+03
-3.289636888278162132e+03
-3.277236588267252046e+03
-2.942448862418438694e+03
-2.438745875436060487e+03
-2.138627137952111752e+03
-1.496844453831494093e+03
-8.260272402875002626e+02
-4.588987927259263415e+02
9.275876006063712964e+01
7.506303275094774108e+02
1.041729412700931562e+03
1.662366563166159267e+03
1.786046815702270806e+03
2.159343230042712094e+03
2.516344323456504753e+03
2.426637437037603831e+03
2.490798264125452533e+03
2.578344117486894447e+03
2.592664418525387191e+03
2.539702167739482775e+03
2.256765160647152243e+03
2.098061183955546312e+03
1.993087960307706226e+03
1.678092719471606870e+03
2.522211873391812333e+03
9.624419617699644505e+02
-7.195113020675940163e+01
-1.819706973391530255e+03
-2.954972573356333669e+03
-3.408870148872657410e+03
-3.762596543860789097e+03
-3.216606550705905647e+03
-2.304165242970788313e+03
-1.461731956114615059e+03
-2.951931287838505682e+02
3.067849366642006999e+02
1.226671270585608227e+03
1.639663798138145239e+03
1.845617822599328065e+03
1.583473678205982424e+03
1.480705843283914419e+03
1.107344779333305496e+03
8.313362758105026842e+02
5.673841921886623823e+02
-6.673927457634782456e+01
-3.938226718563049644e+02
-7.117014079354925116e+02
-7.611470909788469044e+02
-4.907251633804106632e+02
-6.605909714742307415e+02
-3.950957303383214594e+02
-1.089290504311747867e+02
1.954183902251888583e+01
1.168492170391025198e+01
3.391739545908034614e+00
8.287580670468338795e+00
3.498611351622037091e+01
4.708887698407156108e+01
3.674347618208472710e+01
5.085871118697338744e+01
4.898271093523069908e+01
5.493765587816867679e+01
3.668233987201823254e+01
7.467237341113938953e+01
9.587405203583288937e+01
1.000183277288923023e+02
4.292822125612023143e+01
8.276819923892598752e+01
7.626549732662486747e+01
1.271385346480077949e+01
-1.690094506670608787e+00
-2.009304338018121072e+01
-1.266889301868287703e+02
-7.846765443705727705e+01
3.776104862568615061e+01
1.870507649388331828e+01
-7.291979809280960012e+01
6.160136182736984267e+01
1.635354869514200971e+02
4.938809469313160889e+02
5.377509436732833592e+02
8.657061262105033848e+02
1.050630307192982173e+03
1.095749399801205300e+03
1.303809068244783703e+03
1.575689895453222789e+03
1.794030218983707755e+03
1.950482315869054901e+03
1.903042575345718433e+03
1.935012234491210847e+03
2.026069798985686475e+03
2.014629946989586415e+03
1.880019510845725335e+03
1.820433803544427747e+03
1.644219890204469039e+03
1.457972531559712479e+03
1.259072252361449728e+03
1.009407767256120906e+03
6.189031657237702575e+02
1.494190098965061964e+02
-2.063872090865386326e+02
-7.058157647120269758e+02
-1.166541917761357354e+03
-1.596908664282507289e+03
-2.075504469630077438e+03
-2.556894022387164114e+03
-2.511489990295230655e+03
-2.641518265222557602e+03
-2.638674189221662800e+03
-2.408591492726553042e+03
-2.002787360951882420e+03
-1.261231233539846926e+03
-8.514003362723722148e+02
2.999644808705071242e+01
1.134448972939734176e+03
2.162337506286590269e+03
3.100709608807921541e+03
3.961671089181776097e+03
4.447621780549032337e+03
4.893943553677425371e+03
5.214389076282461247e+03
5.494614736666571844e+03
5.271837105771244751e+03
4.939255973898335469e+03
4.487175000202184492e+03
4.030616469432564827e+03
3.535471564369335283e+03
2.697631040460595159e+03
1.848830619017637446e+03
9.677273142135971966e+02
2.145744167921683641e+02
-6.961751577437435117e+02
-1.530987361242189763e+03
-2.325049806365317181e+03
-2.779075298055939584e+03
-3.703008659388148772e+03
-4.002729824761382133e+03
-4.174045843853169572e+03
-4.212289080585193005e+03
-4.206506756954462617e+03
-3.808956443565337850e+03
-3.468926384329592111e+03
-2.693885626755225076e+03
-2.223854536097791424e+03
-1.599849288887691046e+03
-8.892626234836287722e+02
-6.240160645094979373e+02
-3.364167116335195118e+01
1.103519421768440225e+03
1.243835305756088246e+03
2.170131992089063715e+03
2.618385972093308283e+03
2.917842342819860278e+03
3.257935304436216484e+03
3.752874717545975273e+03
3.872328438272492349e+03
3.835646183598840707e+03
3.964046984106947093e+03
3.929229914524999003e+03
3.693071493151244795e+03
3.375199742213442278e+03
2.893278927312766882e+03
2.428373128490994077e+03
1.733873054228878345e+03
1.170969946518936695e+03
3.207556251539726873e+02
-6.967796103913498200e+02
-9.072089813234730400e+02
-1.670794976242055554e+03
-1.831812658464690912e+03
-2.246961957961547796e+03
-2.118127912790798746e+03
-2.465603306444005739e+03
-2.505384660414472364e+03
-2.150785175919840185e+03
-1.890008147734666636e+03
-1.936136861798314612e+03
-1.509897648998379509e+03
-1.467054631790455005e+03
-8.987914250848483562e+02
-7.994285066646087898e+02
-5.477550960669636879e+02
-1.323826801071148296e+01
9.537106763529475018e+01
4.277584216771222145e+02
5.534605470674691787e+02
5.274738363972028310e+02
7.226008810859340201e+02
7.664268041095303943e+02
1.046109516487061683e+03
1.038986974258994678e+03
1.249306161818436976e+03
9.117447280917635908e+02
1.008099140419281639e+03
8.228029164305974064e+02
6.677326647108017141e+02
5.298140096420144118e+02
3.939371501602734611e+02
2.824636883747002685e+02
-1.176011398179241638e+02
-2.838324191774563587e+02
-4.173503643134679919e+02
-5.356818949554970004e+02
-5.554948372659969209e+02
-6.358305521256442034e+02
-6.000093792199057816e+02
-7.373158798640876057e+02
-7.192801470399723485e+02
-4.691262273845168806e+02
-4.379182421863053492e+02
-4.840420932329154198e+02
-3.822543799549981145e+02
-3.221653726901666346e+02
-3.500841035785743998e+02
-2.561242598353548487e+02
-8.874007646827952556e+01
-4.663025855637764749e+01
-1.759342301886429993e+01
-1.140729085302292276e+02
5.408866343423332168e+00
9.587989520152744660e+01
1.991157610665139259e+02
1.893415019725654531e+02
3.708589233159544278e+02
3.519044336936161130e+02
3.383821035754428976e+02
2.807185374202402954e+02
1.108643330559314677e+02
2.297572019979812694e+02
8.585313074909377562e+00
-1.681150757104751108e+02
-2.767056215811660422e+02
-2.278116808584200612e+02
-4.120201517944797729e+02
-2.292113992480846605e+02
-1.279757746492544612e+02
-1.260007637859477541e+02
-1.091398991260494178e+01
-5.594506231262592166e+01
-5.252260897307132126e+01
6.718740999859927854e+01
6.303047544032960303e+01
8.647400240559078100e+01
1.116988167667939251e+02
1.183243202120373461e+01
3.607689084979040928e+01
5.743766380261789095e+01
2.716077310868043782e+01
-3.696609379424996433e+01
1.974286809807841081e+01
4.265498707383960308e+00
-3.610698635894411979e+01
