0.000000000000000000e+00
0.000000000000000000e+00
0.000000000000000000e+00
0.000000000000000000e+00
0.000000000000000000e+00
0.000000000000000000e+00
0.000000000000000000e+00
0.000000000000000000e+00
0.000000000000000000e+00
0.000000000000000000e+00
0.000000000000000000e+00
0.000000000000000000e+00
0.000000000000000000e+00
0.000000000000000000e+00
0.000000000000000000e+00
0.000000000000000000e+00
0.000000000000000000e+00
0.000000000000000000e+00
0.000000000000000000e+00
0.000000000000000000e+00
0.000000000000000000e+00
0.000000000000000000e+00
0.000000000000000000e+00
0.000000000000000000e+00
0.000000000000000000e+00
0.000000000000000000e+00
0.000000000000000000e+00
0.000000000000000000e+00
9.607030535366230858e-04
1.024749923772397915e-03
1.090862822080294415e-03
1.159041748460313019e-03
1.229286702912453077e-03
2.352827357656302621e-03
2.487274635236663006e-03
2.625456559416477521e-03
2.767373130195746600e-03
2.913024347574469809e-03
1.850047370765968121e-03
1.942549739304266689e-03
2.037308263172767260e-03
2.134322942371470484e-03
2.233593776900376360e-03
3.948645749546176621e-03
4.124141116192673109e-03
4.303451599505397386e-03
4.486577199484351186e-03
4.673517916129531907e-03
4.891302798346650223e-03
5.086954910280516197e-03
5.286443338134654002e-03
5.489768081909063638e-03
5.696929141603745972e-03
1.251018129216321896e-03
1.296509697551460980e-03
1.342813615321156000e-03
1.389929882525406954e-03
1.437858499164214061e-03
5.394348408563927680e-03
5.574160022182725154e-03
5.756919367172323027e-03
5.942626443532720432e-03
6.131281251263918236e-03
7.688791710820366485e-03
7.925369917307146725e-03
8.165532642074030747e-03
8.409279885121016818e-03
8.656611646448104935e-03
9.074322186053432326e-03
9.333588534226387387e-03
9.596506521106003273e-03
9.863076146692281720e-03
1.013329741098522099e-02
1.011190012002471071e-02
1.038155078989203700e-02
1.065474949488919541e-02
1.093149623501618768e-02
1.121179101027301207e-02
1.438378936420362311e-02
1.474338409830871360e-02
1.510741827357559540e-02
1.547589189000426850e-02
1.584880494759473291e-02
1.504992398520920392e-02
1.540403984368471715e-02
1.576227332842156797e-02
1.612462443941976506e-02
1.649109317667930841e-02
1.510292567599252900e-02
1.543854624657014021e-02
1.577785495528596579e-02
1.612085180214000921e-02
1.646753678713226698e-02
1.486295319477421058e-02
1.517585747255893042e-02
1.549202116990391030e-02
1.581144428680914329e-02
1.613412682327463460e-02
2.183925115904788300e-02
2.227603618222884219e-02
2.271714580959970781e-02
2.316258004116049027e-02
2.361233887691117569e-02
2.406642231685177796e-02
2.452483036098228666e-02
2.498756300930270527e-02
2.545462026181303725e-02
2.057797763014190817e-02
2.095555520133717334e-02
2.133656529590694309e-02
2.172100791385121049e-02
2.210888305516998248e-02
2.250019071986325558e-02
2.289493090793102981e-02
2.329310361937330862e-02
2.369470885419009201e-02
2.554456981860236953e-02
2.597752862908715363e-02
2.641412574890374815e-02
2.685436117805214268e-02
2.729823491653234416e-02
2.774574696434434912e-02
2.819689732148816103e-02
2.865168598796377294e-02
2.911011296377119181e-02
2.892735897207062562e-02
2.938290793226071979e-02
2.984201586870229017e-02
3.030468278139534719e-02
3.077090867033989083e-02
3.124069353553592110e-02
3.171403737698343800e-02
3.219094019468243112e-02
3.267140198863292128e-02
3.228779043053259939e-02
3.276261087804042960e-02
3.324089716823080271e-02
3.372264930110371178e-02
3.420786727665916377e-02
3.469655109489715172e-02
3.518870075581767565e-02
3.568431625942074248e-02
3.618339760570634528e-02
3.413467281061504516e-02
3.460549588386491182e-02
3.507954377268497625e-02
3.555681647707524540e-02
3.603731399703572619e-02
3.652103633256640475e-02
3.700798348366729495e-02
3.749815545033838293e-02
3.799155223257967562e-02
3.809440204563460664e-02
3.858913453973375485e-02
3.908705885637548533e-02
3.958817499555978420e-02
4.009248295728666533e-02
4.059998274155610792e-02
4.111067434836813972e-02
4.162455777772273990e-02
4.214163302961991542e-02
4.051617442900911498e-02
4.101330540359818949e-02
4.151346766461767174e-02
4.201666121206758947e-02
4.252288604594792187e-02
4.303214216625867589e-02
4.354442957299984457e-02
4.405974826617144874e-02
4.457809824577346064e-02
4.099720159648216622e-02
4.147391324295288811e-02
4.195338044807372935e-02
4.243560321184469686e-02
4.292058153426577677e-02
4.340831541533698296e-02
4.389880485505830154e-02
4.439204985342974641e-02
4.488805041045131061e-02
2.931160050951320262e-02
2.963548559801611193e-02
2.996115027491738636e-02
3.028859454021702938e-02
3.061781839391504098e-02
3.094882183601142117e-02
3.128160486650616301e-02
3.161616748539928384e-02
3.195250969269076285e-02
2.770297142994941272e-02
2.799458165552782749e-02
2.828771863621398416e-02
2.858238237200787929e-02
2.887857286290951633e-02
2.917629010891889182e-02
2.947553411003600923e-02
2.977630486626086509e-02
3.007860237759346286e-02
2.426349355558657730e-02
2.450734776217538755e-02
2.475242123979714062e-02
2.499871398845184001e-02
2.524622600813947876e-02
2.549495729886006729e-02
2.574490786061359518e-02
2.599607769340006938e-02
2.624846679721948642e-02
1.027832800437561249e-02
1.037715808134076316e-02
1.047646102948756458e-02
1.057623684881601675e-02
1.067648553932612140e-02
1.077720710101787681e-02
1.087840153389128470e-02
1.098006883794634334e-02
1.108220901318305272e-02
1.703026523838339218e-02
1.718722620832240783e-02
1.734490718271069001e-02
1.750330816154822833e-02
1.766242914483502971e-02
1.782227013257109416e-02
1.798283112475641821e-02
1.814411212139100532e-02
1.830611312247485550e-02
-1.374882218741538611e-02
-1.387049318022437125e-02
-1.399270016859639233e-02
-1.411544315253144763e-02
-1.423872213202953887e-02
-1.436253710709066607e-02
-1.448688807771482748e-02
-1.461177504390202483e-02
-1.473719800565225467e-02
-3.687284776486871030e-02
-3.718665923520801664e-02
-3.750180041516740920e-02
-3.781827130474688103e-02
-3.813607190394643909e-02
-3.845520221276606948e-02
-3.877566223120578609e-02
-3.909745195926558198e-02
-3.942057139694546408e-02
-5.275014571271783442e-02
-5.318252395626469481e-02
-5.361666700896890181e-02
-5.405257487083043461e-02
-5.449024754184930014e-02
-5.492968502202550535e-02
-5.537088731135904329e-02
-5.581385440984992091e-02
-5.625858631749812433e-02
-1.072417633144172877e-01
-1.080895242892348090e-01
-1.089406229056854858e-01
-1.097950591637692902e-01
-1.106528330634862362e-01
-1.115139446048363236e-01
-1.123783937878195527e-01
-1.132461806124359094e-01
-1.141173050786854215e-01
-1.645551205089538782e-01
-1.658112664670375047e-01
-1.670721886454940575e-01
-1.683378870443235642e-01
-1.696083616635259972e-01
-1.708836125031013842e-01
-1.721636395630497252e-01
-1.734484428433709924e-01
-1.747380223440651859e-01
-2.687502963099135389e-01
-2.707336933306508930e-01
-2.727243822521998040e-01
-2.747223630745602163e-01
-2.767276357977322410e-01
-2.787402004217157114e-01
-2.807600569465107387e-01
-2.827872053721173229e-01
-2.848216456985354639e-01
-3.307252743305365561e-01
-3.330875977186117942e-01
-3.354583279514845029e-01
-3.378374650291546266e-01
-3.402250089516221099e-01
-3.426209597188870637e-01
-3.450253173309494326e-01
-3.474380817878092165e-01
-3.498592530894664154e-01
-4.842608372103665570e-01
-4.876121232810264883e-01
-4.909749655105508648e-01
-4.943493638989395200e-01
-4.977353184461925095e-01
-5.011328291523098333e-01
-5.045418960172916023e-01
-5.079625190411375391e-01
-5.113946982238479766e-01
-6.353467628158407932e-01
-6.396108350495041117e-01
-6.438891683943168687e-01
-6.481817628502789530e-01
-6.524886184173904757e-01
-6.568097350956513258e-01
-6.611451128850616143e-01
-6.654947517856212302e-01
-6.698586517973301735e-01
-8.427206675815973602e-01
-8.482107045039530835e-01
-8.537185662215112103e-01
-8.592442527342718517e-01
-8.647877640422348966e-01
-8.703491001454003451e-01
-8.759282610437683081e-01
-8.815252467373386747e-01
-8.871400572261115558e-01
-1.048406732306440770e+00
-1.055042217953949812e+00
-1.061698635732839069e+00
-1.068375985643108539e+00
-1.075074267684758222e+00
-1.081793481857787897e+00
-1.088533628162197564e+00
-1.095294706597987666e+00
-1.102076717165157982e+00
-1.325397974770726517e+00
-1.333554270000084863e+00
-1.341735584539962778e+00
-1.349941918390360041e+00
-1.358173271551276873e+00
-1.366429644022713275e+00
-1.374711035804669024e+00
-1.383017446897144564e+00
-1.391348877300139231e+00
-1.685177076666498186e+00
-1.695267957365099942e+00
-1.705388960095637785e+00
-1.715540084858111936e+00
-1.725721331652521950e+00
-1.735932700478868274e+00
-1.746174191337150683e+00
-1.756445804227369178e+00
-1.766747539149523982e+00
-1.935034969203392130e+00
-1.946317971939271807e+00
-1.957633774101709356e+00
-1.968982375690704778e+00
-1.980363776706258072e+00
-1.991777977148369017e+00
-2.003224977017037833e+00
-2.014704776312264300e+00
-2.026217375034049084e+00
-2.280197465257374212e+00
-2.293153132673609207e+00
-2.306145501697255629e+00
-2.319174572328313921e+00
-2.332240344566783197e+00
-2.345342818412664343e+00
-2.358481993865956472e+00
-2.371657870926660028e+00
-2.384870449594775010e+00
-2.468425777418248757e+00
-2.482101266489817881e+00
-2.495814533155507942e+00
-2.509565577415318050e+00
-2.523354399269247761e+00
-2.537180998717298852e+00
-2.551045375759469991e+00
-2.564947530395761177e+00
-2.578887462626172855e+00
-2.501442087665145309e+00
-2.514963396247118954e+00
-2.528521150404785534e+00
-2.542115350138144603e+00
-2.555745995447196162e+00
-2.569413086331940654e+00
-2.583116622792377637e+00
-2.596856604828507109e+00
-2.610633032440329515e+00
-2.236367930987536390e+00
-2.248169344871375763e+00
-2.260001815107540502e+00
-2.271865341696031937e+00
-2.283759924636848737e+00
-2.295685563929991790e+00
-2.307642259575460209e+00
-2.319630011573254880e+00
-2.331648819923375360e+00
-1.801738487977114334e+00
-1.811025799770810796e+00
-1.820336986402023127e+00
-1.829672047870751550e+00
-1.839030984176995620e+00
-1.848413795320756003e+00
-1.857820481302032034e+00
-1.867251042120824156e+00
-1.876705477777131925e+00
-6.346484001419112619e-01
-6.378456213013163900e-01
-6.410508756797149710e-01
-6.442641632771070048e-01
-6.474854840934926026e-01
-6.507148381288715422e-01
-6.539522253832440457e-01
-6.571976458566100021e-01
-6.604510995489695224e-01
1.536646135691795145e-01
1.544215821089291729e-01
1.551804105222408803e-01
1.559410988091146089e-01
1.567036469695503864e-01
1.574680550035481852e-01
1.582343229111080329e-01
1.590024506922299019e-01
1.597724383469138476e-01
1.357909077505335516e+00
1.364453217637891402e+00
1.371013088876535058e+00
1.377588691221266481e+00
1.384180024672085896e+00
1.390787089228993301e+00
1.397409884891988474e+00
1.404048411661071638e+00
1.410702669536242571e+00
2.505503279852709930e+00
2.517321691550128637e+00
2.529167911275070235e+00
2.541041939027535612e+00
2.552943774807523880e+00
2.564873418615035483e+00
2.576830870450070865e+00
2.588816130312629138e+00
2.600829198202711190e+00
3.507149163393282976e+00
3.523348466688402070e+00
3.539585095567150841e+00
3.555859050029527957e+00
3.572170330075535194e+00
3.588518935705171664e+00
3.604904866918437367e+00
3.621328123715332303e+00
3.637788706095856472e+00
4.055026871039056680e+00
4.073375408917062401e+00
4.091765365616462091e+00
4.110196741137256637e+00
4.128669535479446040e+00
4.147183748643031187e+00
4.165739380628011190e+00
4.184336431434386050e+00
4.202974901062156654e+00
4.535953424942875678e+00
4.556068517736414414e+00
4.576228112947637428e+00
4.596432210576545607e+00
4.616680810623138065e+00
4.636973913087415688e+00
4.657311517969377590e+00
4.677693625269024658e+00
4.698120234986356891e+00
4.633275066415729171e+00
4.653419740617536604e+00
4.673608112594185293e+00
4.693840182345675238e+00
4.714115949872006439e+00
4.734435415173179784e+00
4.754798578249192609e+00
4.775205439100047577e+00
4.795655997725743802e+00
4.841402305540046136e+00
4.862047944369641606e+00
4.882737510090363386e+00
4.903471002702212367e+00
4.924248422205187659e+00
4.945069768599290150e+00
4.965935041884518952e+00
4.986844242060874954e+00
5.007797369128357268e+00
4.480438942824961579e+00
4.499185549280295682e+00
4.517971292701090213e+00
4.536796173087345174e+00
4.555660190439059676e+00
4.574563344756234606e+00
4.593505636038868190e+00
4.612487064286963090e+00
4.631507629500517531e+00
4.236130212288998997e+00
4.253527050943163523e+00
4.270959538856865301e+00
4.288427676030103441e+00
4.305931462462879722e+00
4.323470898155193254e+00
4.341045983107043149e+00
4.358656717318431184e+00
4.376303100789355582e+00
3.884732239603772008e+00
3.900396482505399831e+00
3.916092242998379103e+00
3.931819521082710267e+00
3.947578316758392436e+00
3.963368630025426054e+00
3.979190460883810676e+00
3.995043809333547191e+00
4.010928675374635155e+00
3.261711276162658102e+00
3.274628944583104495e+00
3.287572141992523900e+00
3.300540868390916316e+00
3.313535123778282188e+00
3.326554908154621071e+00
3.339600221519933410e+00
3.352671063874218760e+00
3.365767435217477566e+00
2.377384046884514657e+00
2.386634568467723039e+00
2.395903052228762320e+00
2.405189498167633388e+00
2.414493906284336244e+00
2.423816276578870443e+00
2.433156609051235986e+00
2.442514903701432871e+00
2.451891160529461544e+00
1.376257770181979367e+00
1.381520706205619842e+00
1.386793686000297843e+00
1.392076709566013148e+00
1.397369776902766203e+00
1.402672888010556562e+00
1.407986042889384448e+00
1.413309241539249861e+00
1.418642483960152578e+00
7.056157751196558969e-01
7.082684660035644120e-01
7.109261337934464908e-01
7.135887784893021335e-01
7.162564000911312290e-01
7.189289985989339993e-01
7.216065740127103334e-01
7.242891263324601203e-01
7.269766555581835821e-01
-3.847894338676492998e-01
-3.862119456379548565e-01
-3.876370819687222080e-01
-3.890648428599513542e-01
-3.904952283116424061e-01
-3.919282383237951972e-01
-3.933638728964098386e-01
-3.948021320294862746e-01
-3.962430157230245609e-01
-1.586835139891168867e+00
-1.592605449490773317e+00
-1.598386231521592871e+00
-1.604177485983627527e+00
-1.609979212876877508e+00
-1.615791412201342814e+00
-1.621614083957023444e+00
-1.627447228143919178e+00
-1.633290844762030014e+00
-2.437813575751729633e+00
-2.446535627901109677e+00
-2.455273255143613387e+00
-2.464026457479241206e+00
-2.472795234907993134e+00
-2.481579587429868727e+00
-2.490379515044868430e+00
-2.499195017752991799e+00
-2.508026095554239276e+00
-3.726646143817640588e+00
-3.739768137281787475e+00
-3.752913192245870722e+00
-3.766081308709891662e+00
-3.779272486673848963e+00
-3.792486726137743513e+00
-3.805724027101575313e+00
-3.818984389565343474e+00
-3.832267813529049327e+00
-4.976330994340453451e+00
-4.993579975256710490e+00
-5.010858798700506433e+00
-5.028167464671837728e+00
-5.045505973170706149e+00
-5.062874324197110809e+00
-5.080272517751053485e+00
-5.097700553832531511e+00
-5.115158432441547554e+00
-6.412132367094257823e+00
-6.434016777903453388e+00
-6.455938470502783133e+00
-6.477897444892248835e+00
-6.499893701071849605e+00
-6.521927239041584556e+00
-6.543998058801454576e+00
-6.566106160351459664e+00
-6.588251543691598933e+00
-7.394589079045298163e+00
-7.419444840655534890e+00
-7.444342306563775047e+00
-7.469281476770019523e+00
-7.494262351274266543e+00
-7.519284930076517881e+00
-7.544349213176772651e+00
-7.569455200575031739e+00
-7.594602892271294259e+00
-8.321166468653149906e+00
-8.348720000006304431e+00
-8.376319074386492147e+00
-8.403963691793707724e+00
-8.431653852227954715e+00
-8.459389555689229567e+00
-8.487170802177535833e+00
-8.514997591692873513e+00
-8.542869924235237278e+00
-9.086900956550275410e+00
-9.116548267990895127e+00
-9.146243864955035718e+00
-9.175987747442693632e+00
-9.205779915453872420e+00
-9.235620368988568529e+00
-9.265509108046783737e+00
-9.295446132628518043e+00
-9.325431442733771448e+00
-9.583056826494480873e+00
-9.613870514039479787e+00
-9.644733661757102894e+00
-9.675646269647350195e+00
-9.706608337710219914e+00
-9.737619865945717379e+00
-9.768680854353837262e+00
-9.799791302934581338e+00
-9.830951211687951385e+00
-9.091422209054485393e+00
-9.120238127308224918e+00
-9.149099640369325215e+00
-9.178006748237791612e+00
-9.206959450913620557e+00
-9.235957748396812050e+00
-9.265001640687367868e+00
-9.294091127785288009e+00
-9.323226209690570698e+00
-7.823370499330645877e+00
-7.847818532141054959e+00
-7.872304705408264880e+00
-7.896829019132278304e+00
-7.921391473313093456e+00
-7.945992067950713000e+00
-7.970630803045132495e+00
-7.995307678596356382e+00
-8.020022694604381996e+00
-5.878112970683170069e+00
-5.896227340392517391e+00
-5.914369578362956403e+00
-5.932539684594485330e+00
-5.950737659087106834e+00
-5.968963501840819141e+00
-5.987217212855623139e+00
-6.005498792131517938e+00
-6.023808239668504427e+00
-2.467860933973438975e+00
-2.475362031037187993e+00
-2.482874510645798782e+00
-2.490398372799270899e+00
-2.497933617497604342e+00
-2.505480244740799556e+00
-2.513038254528856097e+00
-2.520607646861774409e+00
-2.528188421739554048e+00
1.087883195825519289e+00
1.091145214403706820e+00
1.094412116243238753e+00
1.097683901344115531e+00
1.100960569706336711e+00
1.104242121329902515e+00
1.107528556214812943e+00
1.110819874361067994e+00
1.114116075768667669e+00
5.753749900356000424e+00
5.770772829055278663e+00
5.787820902405515611e+00
5.804894120406712155e+00
5.821992483058867407e+00
5.839115990361981368e+00
5.856264642316054925e+00
5.873438438921087190e+00
5.890637380177079052e+00
9.449889494382768262e+00
9.477480412614543326e+00
9.505111550843739820e+00
9.532782909070357746e+00
9.560494487294400656e+00
9.588246285515864997e+00
9.616038303734752546e+00
9.643870541951059749e+00
9.671743000164791937e+00
1.367343584307262283e+01
1.371284055731778828e+01
1.375230196899352286e+01
1.379182007809982657e+01
1.383139488463669942e+01
1.387102638860413961e+01
1.391071459000214716e+01
1.395045948883072384e+01
1.399026108508987143e+01
1.650239789732948026e+01
1.654934639774862504e+01
1.659636158637859182e+01
1.664344346321938417e+01
1.669059202827099497e+01
1.673780728153343134e+01
1.678508922300668971e+01
1.683243785269077009e+01
1.687985317058567603e+01
1.936119967583669776e+01
1.941558506818455498e+01
1.947004673738002012e+01
1.952458468342310383e+01
1.957919890631379545e+01
1.963388940605210564e+01
1.968865618263802375e+01
1.974349923607155688e+01
1.979841856635270148e+01
2.049843897273662563e+01
2.055530010719636280e+01
2.061223999668998275e+01
2.066925864121748191e+01
2.072635604077885674e+01
2.078353219537410368e+01
2.084078710500323695e+01
2.089812076966624588e+01
2.095553318936312692e+01
2.210492217534634918e+01
2.216548360596373612e+01
2.222612788395542793e+01
2.228685500932142460e+01
2.234766498206172969e+01
2.240855780217634319e+01
2.246953346966525800e+01
2.253059198452847767e+01
2.259173334676600220e+01
2.309751512591023470e+01
2.316002531569618839e+01
2.322261997871158101e+01
2.328529911495641969e+01
2.334806272443069375e+01
2.341091080713441031e+01
2.347384336306756936e+01
2.353686039223016735e+01
2.359996189462220428e+01
2.156972923980310597e+01
2.162740231263680357e+01
2.168515238556774349e+01
2.174297945859592218e+01
2.180088353172134674e+01
2.185886460494400652e+01
2.191692267826391571e+01
2.197505775168106013e+01
2.203326982519544686e+01
2.050200562682125494e+01
2.055617208818669894e+01
2.061041000926370970e+01
2.066471939005228364e+01
2.071910023055242078e+01
2.077355253076412112e+01
2.082807629068738819e+01
2.088267151032221491e+01
2.093733818966860838e+01
1.851376853788327637e+01
1.856210735913101217e+01
1.861050920361375205e+01
1.865897407133149954e+01
1.870750196228424400e+01
1.875609287647199608e+01
1.880474681389475222e+01
1.885346377455250888e+01
1.890224375844527316e+01
1.591126704938085545e+01
1.595232838370183970e+01
1.599344263211344064e+01
1.603460979461566538e+01
1.607582987120850504e+01
1.611710286189196850e+01
1.615842876666605221e+01
1.619980758553075262e+01
1.624123931848607327e+01
1.283147874558342671e+01
1.286421210973032103e+01
1.289698717243027204e+01
1.292980393368327618e+01
1.296266239348933169e+01
1.299556255184844211e+01
1.302850440876060389e+01
1.306148796422582059e+01
1.309451321824409220e+01
1.053231513166667455e+01
1.055887834763556832e+01
1.058547501853641570e+01
1.061210514436921137e+01
1.063876872513395710e+01
1.066546576083065467e+01
1.069219625145930230e+01
1.071896019701990355e+01
1.074575759751245130e+01
6.366698564974108798e+00
6.382575618752099444e+00
6.398472444701668316e+00
6.414389042822817188e+00
6.430325413115544286e+00
6.446281555579851386e+00
6.462257470215736710e+00
6.478253157023201148e+00
6.494268616002245587e+00
1.948724179749247831e+00
1.953529911388580009e+00
1.958341561416630849e+00
1.963159129833399685e+00
1.967982616638887405e+00
1.972812021833093121e+00
1.977647345416017277e+00
1.982488587387660095e+00
1.987335747748020909e+00
-1.948873099784966367e+00
-1.953626448808832183e+00
-1.958385587539182460e+00
-1.963150515976017418e+00
-1.967921234119337059e+00
-1.972697741969141383e+00
-1.977480039525430167e+00
-1.982268126788203633e+00
-1.987062003757461781e+00
-7.537498636821112541e+00
-7.555683193242876960e+00
-7.573889658768762523e+00
-7.592118033398771892e+00
-7.610368317132903293e+00
-7.628640509971156725e+00
-7.646934611913534852e+00
-7.665250622960033233e+00
-7.683588543110655422e+00
-1.380207224165226698e+01
-1.383501274819559157e+01
-1.386799251636769092e+01
-1.390101154616856505e+01
-1.393406983759821749e+01
-1.396716739065664648e+01
-1.400030420534384845e+01
-1.403348028165983052e+01
-1.406669561960458736e+01
-2.021204359974714393e+01
-2.025976979478787143e+01
-2.030755227071897195e+01
-2.035539102754045615e+01
-2.040328606525231692e+01
-2.045123738385455425e+01
-2.049924498334716816e+01
-2.054730886373016574e+01
-2.059542902500353989e+01
-2.711015654389878904e+01
-2.717349803115088847e+01
-2.723691342912323421e+01
-2.730040273781582982e+01
-2.736396595722867175e+01
-2.742760308736176356e+01
-2.749131412821510168e+01
-2.755509907978868611e+01
-2.761895794208251687e+01
-3.500371886712513003e+01
-3.508465232115316468e+01
-3.516567923182557820e+01
-3.524679959914235639e+01
-3.532801342310352055e+01
-3.540932070370904938e+01
-3.549072144095895709e+01
-3.557221563485323657e+01
-3.565380328539188781e+01
-4.441154247849589609e+01
-4.451317072215378090e+01
-4.461491511237584717e+01
-4.471677564916209491e+01
-4.481875233251252411e+01
-4.492084516242712766e+01
-4.502305413890591979e+01
-4.512537926194888627e+01
-4.522782053155603421e+01
-5.497059910305581809e+01
-5.509510782129603257e+01
-5.521975738650258592e+01
-5.534454779867547103e+01
-5.546947905781469501e+01
-5.559455116392025076e+01
-5.571976411699214538e+01
-5.584511791703037176e+01
-5.597061256403493701e+01
-6.496962664683549349e+01
-6.511529845546067463e+01
-6.526113339041131667e+01
-6.540713145168740539e+01
-6.555329263928894079e+01
-6.569961695321592288e+01
-6.584610439346836586e+01
-6.599275496004624131e+01
-6.613956865294956344e+01
-7.768808989538950982e+01
-7.786053848561235213e+01
-7.803317826052501971e+01
-7.820600922012751255e+01
-7.837903136441983065e+01
-7.855224469340197402e+01
-7.872564920707394265e+01
-7.889924490543573654e+01
-7.907303178848735570e+01
-8.808836891237973532e+01
-8.828196972317616087e+01
-8.847578304858380704e+01
-8.866980888860263121e+01
-8.886404724323264759e+01
-8.905849811247385617e+01
-8.925316149632624274e+01
-8.944803739478984994e+01
-8.964312580786463514e+01
-1.002174963511517518e+02
-1.004355975401640677e+02
-1.006539357956861522e+02
-1.008725111177180480e+02
-1.010913235062597408e+02
-1.013103729613112307e+02
-1.015296594828725034e+02
-1.017491830709435732e+02
-1.019689437255244400e+02
-1.096700288713497002e+02
-1.099063866921931378e+02
-1.101429989348028045e+02
-1.103798655991787285e+02
-1.106169866853208958e+02
-1.108543621932293064e+02
-1.110919921229039744e+02
-1.113298764743448857e+02
-1.115680152475520259e+02
-1.180286671080669549e+02
-1.182805959599518388e+02
-1.185327933927022599e+02
-1.187852594063182323e+02
-1.190379940007997703e+02
-1.192909971761468455e+02
-1.195442689323594720e+02
-1.197978092694376500e+02
-1.200516181873813650e+02
-1.231571924277083951e+02
-1.234175670417204742e+02
-1.236782166025266321e+02
-1.239391411101268972e+02
-1.242003405645212553e+02
-1.244618149657097206e+02
-1.247235643136922931e+02
-1.249855886084689587e+02
-1.252478878500397173e+02
-1.241542277971821022e+02
-1.244142366512076165e+02
-1.246745174810218657e+02
-1.249350702866248213e+02
-1.251958950680165259e+02
-1.254569918251969511e+02
-1.257183605581661254e+02
-1.259800012669240061e+02
-1.262419139514706359e+02
-1.174799476316258051e+02
-1.177236819628117388e+02
-1.179676688684341599e+02
-1.182119083484930258e+02
-1.184564004029883648e+02
-1.187011450319201487e+02
-1.189461422352884199e+02
-1.191913920130931359e+02
-1.194368943653343109e+02
-1.022693612306745194e+02
-1.024795757450232827e+02
-1.026900060853621426e+02
-1.029006522516910849e+02
-1.031115142440101238e+02
-1.033225920623192451e+02
-1.035338857066184772e+02
-1.037453951769077918e+02
-1.039571204731871887e+02
-8.059569041568376235e+01
-8.075983642467700463e+01
-8.092414941842000076e+01
-8.108862939691272231e+01
-8.125327636015518351e+01
-8.141809030814738435e+01
-8.158307124088932483e+01
-8.174821915838100495e+01
-8.191353406062242470e+01
-5.369132232803080740e+01
-5.379968019347587926e+01
-5.390814729064014443e+01
-5.401672361952360291e+01
-5.412540918012626889e+01
-5.423420397244812818e+01
-5.434310799648919499e+01
-5.445212125224945510e+01
-5.456124373972890851e+01
-2.455908131497495006e+01
-2.460819947760490223e+01
-2.465736670932838948e+01
-2.470658301014541181e+01
-2.475584838005597277e+01
-2.480516281906006526e+01
-2.485452632715769994e+01
-2.490393890434886970e+01
-2.495340055063357099e+01
6.903269716522478561e+00
6.916953105455130313e+00
6.930650042297616054e+00
6.944360527049934895e+00
6.958084559712089501e+00
6.971822140284077207e+00
6.985573268765899790e+00
6.999337945157557250e+00
7.013116169459048699e+00
4.216649152029609127e+01
4.224933335039490601e+01
4.233225647767732625e+01
4.241526090214335909e+01
4.249834662379300454e+01
4.258151364262625549e+01
4.266476195864312615e+01
4.274809157184360231e+01
4.283150248222768397e+01
6.866503329291940361e+01
6.879875292932236164e+01
6.893260264319263797e+01
6.906658243453023260e+01
6.920069230333514554e+01
6.933493224960737678e+01
6.946930227334692631e+01
6.960380237455379415e+01
6.973843255322798029e+01
9.447719158141426021e+01
9.465957998215057501e+01
9.484214426369763373e+01
9.502488442605542218e+01
9.520780046922396878e+01
9.539089239320324509e+01
9.557416019799326534e+01
9.575760388359401531e+01
9.594122345000550922e+01
1.119666712256439070e+02
1.121809615055016138e+02
1.123954566517836327e+02
1.126101566644900061e+02
1.128250615436207198e+02
1.130401712891757597e+02
1.132554859011551400e+02
1.134710053795588607e+02
1.136867297243869075e+02
1.201291634148849425e+02
1.203571124915735311e+02
1.205852776337376469e+02
1.208136588413773040e+02
1.210422561144924885e+02
1.212710694530832143e+02
1.215000988571494673e+02
1.217293443266912618e+02
1.219588058617085977e+02
1.249823794843685647e+02
1.252175297750258949e+02
1.254529010715954911e+02
1.256884933740773675e+02
1.259243066824715100e+02
1.261603409967779044e+02
1.263965963169965931e+02
1.266330726431275480e+02
1.268697699751707830e+02
1.252785275354683421e+02
1.255122561316165957e+02
1.257462025549746727e+02
1.259803668055426016e+02
1.262147488833203681e+02
1.264493487883079439e+02
1.266841665205053573e+02
1.269192020799126084e+02
1.271544554665296829e+02
1.129691847029078815e+02
1.131781933702583132e+02
1.133873952064325437e+02
1.135967902114305730e+02
1.138063783852524153e+02
1.140161597278980423e+02
1.142261342393674539e+02
1.144363019196606785e+02
1.146466627687777020e+02
1.007386902750312885e+02
1.009235319085634615e+02
1.011085429661410444e+02
1.012937234477639947e+02
1.014790733534323692e+02
1.016645926831461537e+02
1.018502814369053056e+02
1.020361396147098816e+02
1.022221672165598676e+02
8.749168440110983624e+01
8.765090493687164042e+01
8.781027021857504167e+01
8.796978024622004000e+01
8.812943501980664962e+01
8.828923453933485632e+01
8.844917880480467431e+01
8.860926781621607518e+01
8.876950157356908733e+01
6.861962628342729431e+01
6.874348842473311549e+01
6.886746225417357437e+01
6.899154777174865671e+01
6.911574497745837675e+01
6.924005387130273448e+01
6.936447445328170147e+01
6.948900672339532036e+01
6.961365068164356273e+01
4.570823076696982667e+01
4.579007182474416737e+01
4.587198608561133284e+01
4.595397354957131597e+01
4.603603421662412387e+01
4.611816808676974944e+01
4.620037516000819977e+01
4.628265543633946777e+01
4.636500891576356054e+01
2.641718601367140096e+01
2.646410819131557801e+01
2.651107200354506332e+01
2.655807745035986045e+01
2.660512453175996583e+01
2.665221324774538303e+01
2.669934359831610848e+01
2.674651558347214220e+01
2.679372920321348772e+01
2.288408325731157156e+00
2.292440763309538276e+00
2.296476750568885894e+00
2.300516287509200453e+00
2.304559374130481952e+00
2.308606010432730393e+00
2.312656196415945775e+00
2.316709932080128098e+00
2.320767217425276918e+00
-2.731622483420937897e+01
-2.736398047203142170e+01
-2.741177781783409984e+01
-2.745961687161740272e+01
-2.750749763338134102e+01
-2.755542010312590762e+01
-2.760338428085110607e+01
-2.765139016655693283e+01
-2.769943776024339144e+01
-5.151489669736857735e+01
-5.160425471418968613e+01
-5.169369016430093922e+01
-5.178320304770232241e+01
-5.187279336439384991e+01
-5.196246111437551463e+01
-5.205220629764731655e+01
-5.214202891420926989e+01
-5.223192896406135333e+01
-7.759257183628419341e+01
-7.772612187386816629e+01
-7.785978674381462383e+01
-7.799356644612358025e+01
-7.812746098079504975e+01
-7.826147034782900391e+01
-7.839559454722544274e+01
-7.852983357898439465e+01
-7.866418744310583122e+01
-1.105388777985986763e+02
-1.107276717828832204e+02
-1.109166268541850826e+02
-1.111057430125042345e+02
-1.112950202578406902e+02
-1.114844585901944640e+02
-1.116740580095655417e+02
-1.118638185159539233e+02
-1.120537401093596230e+02
-1.400946608873454693e+02
-1.403321094651206238e+02
-1.405697591001165847e+02
-1.408076097923333805e+02
-1.410456615417709543e+02
-1.412839143484293629e+02
-1.415223682123085496e+02
-1.417610231334085711e+02
-1.419998791117293990e+02
-1.727655209278775317e+02
-1.730561273550059980e+02
-1.733469779892161000e+02
-1.736380728305078094e+02
-1.739294118788811545e+02
-1.742209951343361070e+02
-1.745128225968726952e+02
-1.748048942664908907e+02
-1.750972101431906935e+02
-1.955226774723648191e+02
-1.958490926267427312e+02
-1.961757800206155196e+02
-1.965027396539832125e+02
-1.968299715268458101e+02
-1.971574756392033123e+02
-1.974852519910556623e+02
-1.978133005824029453e+02
-1.981416214132451046e+02
-2.194351024466714364e+02
-2.197987065932276209e+02
-2.201626117365939024e+02
-2.205268178767702523e+02
-2.208913250137566138e+02
-2.212561331475530721e+02
-2.216212422781596274e+02
-2.219866524055761943e+02
-2.223523635298028296e+02
-2.373072267703981879e+02
-2.376975347091652679e+02
-2.380881633611113273e+02
-2.384791127262363091e+02
-2.388703828045402133e+02
-2.392619735960230685e+02
-2.396538851006848461e+02
-2.400461173185255745e+02
-2.404386702495452539e+02
-2.553228559173212773e+02
-2.557397095596352870e+02
-2.561569032130767596e+02
-2.565744368776457236e+02
-2.569923105533422358e+02
-2.574105242401662395e+02
-2.578290779381177344e+02
-2.582479716471967208e+02
-2.586672053674031986e+02
-2.615898935464662145e+02
-2.620138642005123870e+02
-2.624381781506346556e+02
-2.628628353968331339e+02
-2.632878359391077083e+02
-2.637131797774584356e+02
-2.641388669118853159e+02
-2.645648973423883490e+02
-2.649912710689675350e+02
-2.571810333554237786e+02
-2.575948403278379715e+02
-2.580089799425129513e+02
-2.584234521994487181e+02
-2.588382570986452720e+02
-2.592533946401026128e+02
-2.596688648238207406e+02
-2.600846676497995986e+02
-2.605008031180393004e+02
-2.448026763613841581e+02
-2.451937349498208789e+02
-2.455851056360935729e+02
-2.459767884202021548e+02
-2.463687833021467100e+02
-2.467610902819271814e+02
-2.471537093595436261e+02
-2.475466405349959871e+02
-2.479398838082842929e+02
-2.154352190786808592e+02
-2.157769085617557039e+02
-2.161188687971942954e+02
-2.164610997849966623e+02
-2.168036015251627759e+02
-2.171463740176926933e+02
-2.174894172625863860e+02
-2.178327312598437970e+02
-2.181763160094650118e+02
-1.775722816398960333e+02
-1.778519230283053218e+02
-1.781317844335426059e+02
-1.784118658556079424e+02
-1.786921672945012745e+02
-1.789726887502226305e+02
-1.792534302227720104e+02
-1.795343917121493860e+02
-1.798155732183547855e+02
-1.133383956329106752e+02
-1.135156253367932635e+02
-1.136929935013819915e+02
-1.138705001266769017e+02
-1.140481452126779516e+02
-1.142259287593851695e+02
-1.144038507667985414e+02
-1.145819112349180671e+02
-1.147601101637437608e+02
-4.884616104225626287e+01
-4.892200911840884459e+01
-4.899791603713406829e+01
-4.907388179843194820e+01
-4.914990640230248431e+01
-4.922598984874567662e+01
-4.930213213776152514e+01
-4.937833326935002987e+01
-4.945459324351118369e+01
1.757395572483144619e+01
1.760105511685123503e+01
1.762817538667689021e+01
1.765531653430841885e+01
1.768247855974581739e+01
1.770966146298908228e+01
1.773686524403822418e+01
1.776408990289323242e+01
1.779133543955411056e+01
8.919090359310237659e+01
8.932748996920206253e+01
8.946418084903253032e+01
8.960097623259372313e+01
8.973787611988569779e+01
8.987488051090842589e+01
9.001198940566190743e+01
9.014920280414615661e+01
9.028652070636114502e+01
1.559174420498444817e+02
1.561545788438366742e+02
1.563918958329610405e+02
1.566293930172176090e+02
1.568670703966064082e+02
1.571049279711274096e+02
1.573429657407806417e+02
1.575811837055660760e+02
1.578195818654837126e+02
2.110127499673633338e+02
2.113315003449575613e+02
2.116504912888744627e+02
2.119697227991140949e+02
2.122891948756764293e+02
2.126089075185614945e+02
2.129288607277692620e+02
2.132490545032997318e+02
2.135694888451529323e+02
2.644811608233677589e+02
2.648779817698394368e+02
2.652751001832874636e+02
2.656725160637118393e+02
2.660702294111126207e+02
2.664682402254897511e+02
2.668665485068432304e+02
2.672651542551731154e+02
2.676640574704793494e+02
2.969199957875333666e+02
2.973624995070379100e+02
2.978053327155368493e+02
2.982484954130301844e+02
2.986919875995179723e+02
2.991358092750002129e+02
2.995799604394767925e+02
3.000244410929478249e+02
3.004692512354132532e+02
3.200896190877696199e+02
3.205634749265375945e+02
3.210376812503934048e+02
3.215122380593371076e+02
3.219871453533685894e+02
3.224624031324879638e+02
3.229380113966951740e+02
3.234139701459902199e+02
3.238902793803731583e+02
3.304847086017265383e+02
3.309707155261407934e+02
3.314570795460176100e+02
3.319438006613568177e+02
3.324308788721585302e+02
3.329183141784226905e+02
3.334061065801492987e+02
3.338942560773384116e+02
3.343827626699899724e+02
3.237135100448807634e+02
3.241864297089346110e+02
3.246596945698235572e+02
3.251333046275476022e+02
3.256072598821066890e+02
3.260815603335009314e+02
3.265562059817301588e+02
3.270311968267944849e+02
3.275065328686939097e+02
3.124477714493890517e+02
3.129012515240615926e+02
3.133550604457789177e+02
3.138091982145408565e+02
3.142636648303476363e+02
3.147184602931990298e+02
3.151735846030952075e+02
3.156290377600361126e+02
3.160848197640217450e+02
2.861162938338313779e+02
2.865288623901887490e+02
2.869417281861400397e+02
2.873548912216851932e+02
2.877683514968243230e+02
2.881821090115573725e+02
2.885961637658843415e+02
2.890105157598051733e+02
2.894251649933199815e+02
2.557333584483425852e+02
2.560997386180393960e+02
2.564663810498475982e+02
2.568332857437672487e+02
2.572004526997983476e+02
2.575678819179409516e+02
2.579355733981949470e+02
2.583035271405604476e+02
2.586717431450373397e+02
2.011929978256148104e+02
2.014793935520569619e+02
2.017659929738948961e+02
2.020527960911285561e+02
2.023398029037579988e+02
2.026270134117831958e+02
2.029144276152041755e+02
2.032020455140209094e+02
2.034898671082333976e+02
1.596835904626229876e+02
1.599094512695008063e+02
1.601354716953234458e+02
1.603616517400908492e+02
1.605879914038030449e+02
1.608144906864600330e+02
1.610411495880618133e+02
1.612679681086083576e+02
1.614949462480997227e+02
1.086038110677807538e+02
1.087564517017481052e+02
1.089091995271719213e+02
1.090620545440521596e+02
1.092150167523888342e+02
1.093680861521819452e+02
1.095212627434315067e+02
1.096745465261375045e+02
1.098279375002999387e+02
4.461059772513694099e+01
4.467290302922232570e+01
4.473525181223590153e+01
4.479764407417764716e+01
4.486007981504758391e+01
4.492255903484570467e+01
4.498508173357200235e+01
4.504764791122647694e+01
4.511025756780914264e+01
-1.976520832394399108e+01
-1.979264095173572713e+01
-1.982009260354118396e+01
-1.984756327936036868e+01
-1.987505297919327774e+01
-1.990256170303991112e+01
-1.993008945090026884e+01
-1.995763622277435800e+01
-1.998520201866216439e+01
-7.929092647456981524e+01
-7.940029326970714862e+01
-7.950973543823879197e+01
-7.961925298016474528e+01
-7.972884589548499434e+01
-7.983851418419955337e+01
-7.994825784630842236e+01
-8.005807688181158710e+01
-8.016797129070906180e+01
-1.603210381640878381e+02
-1.605408065508788980e+02
-1.607607254639623022e+02
-1.609807949033380226e+02
-1.612010148690060589e+02
-1.614213853609664397e+02
-1.616419063792191082e+02
-1.618625779237641211e+02
-1.620833999946014785e+02
-2.371831134506827823e+02
-2.375062512074275674e+02
-2.378296089354158767e+02
-2.381531866346477386e+02
-2.384769843051231533e+02
-2.388010019468420637e+02
-2.391252395598044984e+02
-2.394496971440104858e+02
-2.397743746994599690e+02
-3.071744219797477626e+02
-3.075903656791109597e+02
-3.080065908018161167e+02
-3.084230973478631768e+02
-3.088398853172522536e+02
-3.092569547099831198e+02
-3.096743055260560027e+02
-3.100919377654707887e+02
-3.105098514282274778e+02
-3.936967599465080525e+02
-3.942266344551843531e+02
-3.947568653017951874e+02
-3.952874524863406123e+02
-3.958183960088206277e+02
-3.963496958692351768e+02
-3.968813520675842597e+02
-3.974133646038678762e+02
-3.979457334780860265e+02
-4.567041284082997095e+02
-4.573151038309194973e+02
-4.579264876595704550e+02
-4.585382798942525824e+02
-4.591504805349658795e+02
-4.597630895817103465e+02
-4.603761070344859263e+02
-4.609895328932927328e+02
-4.616033671581306521e+02
-5.582938794819101531e+02
-5.590362915556892176e+02
-5.597791969265273337e+02
-5.605225955944245015e+02
-5.612664875593806073e+02
-5.620108728213956510e+02
-5.627557513804697464e+02
-5.635011232366027798e+02
-5.642469883897948648e+02
-5.649933468400460015e+02
-5.657401985873559624e+02
-5.664875436317249751e+02
-5.672353819731530393e+02
-5.679837136116400416e+02
-5.687325385471859818e+02
-5.694818567797909736e+02
-5.702316683094550172e+02
-6.607195785674549597e+02
-6.615883748574843821e+02
-6.624577419729345138e+02
-6.633276799138051274e+02
-6.641981886800962229e+02
-6.650692682718078004e+02
-6.659409186889398597e+02
-6.668131399314925147e+02
-6.676859319994656516e+02
-6.685592948928593842e+02
-6.694332286116735986e+02
-6.703077331559082950e+02
-6.711828085255634733e+02
-6.720584547206392472e+02
-6.729346717411355030e+02
-6.738114595870523544e+02
-6.746888182583895741e+02
-7.087358543165724996e+02
-7.096574874171142255e+02
-7.105797193695731266e+02
-7.115025501739492029e+02
-7.124259798302424542e+02
-7.133500083384528807e+02
-7.142746356985804823e+02
-7.151998619106252590e+02
-7.161256869745872109e+02
-7.170521108904664516e+02
-7.179791336582627537e+02
-7.189067552779762309e+02
-7.198349757496069969e+02
-7.207637950731548244e+02
-7.216932132486198270e+02
-7.226232302760021184e+02
-7.235538461553015850e+02
-6.983434960137336702e+02
-6.992416870053912135e+02
-7.001404552406166886e+02
-7.010398007194099819e+02
-7.019397234417712070e+02
-7.028402234077004778e+02
-7.037413006171974530e+02
-7.046429550702624738e+02
-7.055451867668953128e+02
-7.064479957070959699e+02
-7.073513818908646726e+02
-7.082553453182013072e+02
-7.091598859891057600e+02
-7.100650039035781447e+02
-7.109706990616183475e+02
-7.118769714632265959e+02
-7.127838211084026625e+02
-6.044475499197574209e+02
-6.052165671588411442e+02
-6.059860732836457373e+02
-6.067560682941713139e+02
-6.075265521904178740e+02
-6.082975249723854176e+02
-6.090689866400738310e+02
-6.098409371934833416e+02
-6.106133766326138357e+02
-6.113863049574651995e+02
-6.121597221680375469e+02
-6.129336282643309914e+02
-6.137080232463453058e+02
-6.144829071140806036e+02
-6.152582798675367712e+02
-6.160341415067140360e+02
-6.168104920316121706e+02
-4.157358246099742587e+02
-4.162590918530327713e+02
-4.167826881949862354e+02
-4.173066136358347080e+02
-4.178308681755782459e+02
-4.183554518142167353e+02
-4.188803645517502900e+02
-4.194056063881787964e+02
-4.199311773235023111e+02
-4.204570773577208342e+02
-4.209833064908344227e+02
-4.215098647228429627e+02
-4.220367520537465111e+02
-4.225639684835450680e+02
-4.230915140122386333e+02
-4.236193886398272070e+02
-4.241475923663107892e+02
-1.546456259341843520e+02
-1.548382107734548185e+02
-1.550309154539444876e+02
-1.552237399756533875e+02
-1.554166843385814616e+02
-1.556097485427287950e+02
-1.558029325880953024e+02
-1.559962364746810408e+02
-1.561896602024859533e+02
-1.563832037715100967e+02
-1.565768671817534710e+02
-1.567706504332160193e+02
-1.569645535258978271e+02
-1.571585764597987804e+02
-1.573527192349189932e+02
-1.575469818512584084e+02
-1.577413643088170261e+02
1.053669270773473414e+02
1.054967692548918166e+02
1.056266913845160644e+02
1.057566934662200850e+02
1.058867755000038784e+02
1.060169374858674303e+02
1.061471794238107549e+02
1.062775013138338522e+02
1.064079031559367223e+02
1.065383849501193509e+02
1.066689466963817523e+02
1.067995883947239122e+02
1.069303100451458590e+02
1.070611116476475644e+02
1.071919932022290567e+02
1.073229547088902933e+02
1.074539961676313027e+02
3.198494880645220064e+02
3.202395484158201953e+02
3.206298464638589962e+02
3.210203822086383525e+02
3.214111556501583209e+02
3.218021667884188446e+02
3.221934156234199804e+02
3.225849021551616715e+02
3.229766263836439748e+02
3.233685883088668334e+02
3.237607879308303040e+02
3.241532252495343300e+02
3.245459002649789682e+02
3.249388129771641047e+02
3.253319633860899103e+02
3.257253514917562711e+02
3.261189772941632441e+02
4.771497658063449308e+02
4.777256858616331670e+02
4.783019532752177838e+02
4.788785680470987245e+02
4.794555301772759321e+02
4.800328396657494636e+02
4.806104965125193189e+02
4.811885007175854980e+02
4.817668522809480010e+02
4.823455512026067709e+02
4.829245974825618646e+02
4.835039911208132821e+02
4.840837321173610803e+02
4.846638204722050887e+02
4.852442561853454777e+02
4.858250392567821336e+02
4.864061696865151134e+02
5.466004886068790256e+02
5.472535357856208975e+02
5.479069728432754118e+02
5.485607997798424549e+02
5.492150165953223677e+02
5.498696232897148093e+02
5.505246198630201206e+02
5.511800063152379607e+02
5.518357826463684432e+02
5.524919488564117955e+02
5.531485049453676766e+02
5.538054509132363137e+02
5.544627867600175932e+02
5.551205124857115152e+02
5.557786280903181932e+02
5.564371335738375137e+02
5.570960289362695903e+02
5.458626924485330392e+02
5.465083017831854022e+02
5.471542926836383458e+02
5.478006651498918700e+02
5.484474191819459747e+02
5.490945547798007738e+02
5.497420719434561533e+02
5.503899706729122272e+02
5.510382509681688816e+02
5.516869128292262303e+02
5.523359562560841596e+02
5.529853812487426694e+02
5.536351878072018735e+02
5.542853759314616582e+02
5.549359456215220234e+02
5.555868968773830829e+02
5.562382296990447230e+02
4.747054970740567796e+02
4.752613583118484257e+02
4.758175448048991711e+02
4.763740565532089590e+02
4.769308935567779031e+02
4.774880558156058896e+02
4.780455433296930323e+02
4.786033560990392175e+02
4.791614941236445020e+02
4.797199574035088858e+02
4.802787459386323690e+02
4.808378597290149514e+02
4.813972987746566332e+02
4.819570630755573575e+02
4.825171526317172379e+02
4.830775674431362177e+02
4.836383075098142399e+02
3.535046873985926368e+02
3.539145479057214061e+02
3.543246458754846913e+02
3.547349813078824923e+02
3.551455542029147523e+02
3.555563645605815282e+02
3.559674123808828199e+02
3.563786976638185138e+02
3.567902204093887804e+02
3.572019806175934491e+02
3.576139782884326905e+02
3.580262134219063341e+02
3.584386860180145504e+02
3.588513960767572257e+02
3.592643435981344169e+02
3.596775285821460670e+02
3.600909510287921762e+02
2.135859174709939055e+02
2.138311366644163911e+02
2.140764965458442930e+02
2.143219971152775827e+02
2.145676383727162886e+02
2.148134203181604107e+02
2.150593429516099491e+02
2.153054062730648752e+02
2.155516102825252176e+02
2.157979549799909478e+02
2.160444403654621226e+02
2.162910664389386568e+02
2.165378332004206072e+02
2.167847406499080023e+02
2.170317887874007567e+02
2.172789776128989274e+02
2.175263071264025143e+02
5.276157748169153194e+01
5.282156790520681966e+01
5.288159241419000978e+01
5.294165100864110940e+01
5.300174368856010432e+01
5.306187045394701585e+01
5.312203130480182978e+01
5.318222624112456032e+01
5.324245526291517905e+01
5.330271837017371439e+01
5.336301556290015924e+01
5.342334684109449938e+01
5.348371220475675614e+01
5.354411165388692240e+01
5.360454518848498395e+01
5.366501280855095501e+01
5.372551451408483558e+01
-6.935882943265086453e+01
-6.943693622255250375e+01
-6.951508696675345789e+01
-6.959328166525374115e+01
-6.967152031805335355e+01
-6.974980292515229507e+01
-6.982812948655055152e+01
-6.990650000224815130e+01
-6.998491447224505180e+01
-7.006337289654129563e+01
-7.014187527513686859e+01
-7.022042160803174227e+01
-7.029901189522595928e+01
-7.037764613671950542e+01
-7.045632433251236648e+01
-7.053504648260455667e+01
-7.061381258699607599e+01
-1.933753660130350909e+02
-1.935910663655315034e+02
-1.938068869523381181e+02
-1.940228277734549351e+02
-1.942388888288819260e+02
-1.944550701186191475e+02
-1.946713716426665428e+02
-1.948877934010241688e+02
-1.951043353936919686e+02
-1.953209976206699707e+02
-1.955377800819581751e+02
-1.957546827775565816e+02
-1.959717057074651620e+02
-1.961888488716839731e+02
-1.964061122702129580e+02
-1.966234959030521736e+02
-1.968409997702015630e+02
-2.686434249509179608e+02
-2.689402685143995768e+02
-2.692372759892912768e+02
-2.695344473755928902e+02
-2.698317826733045308e+02
-2.701292818824261417e+02
-2.704269450029577797e+02
-2.707247720348993312e+02
-2.710227629782509098e+02
-2.713209178330124587e+02
-2.716192365991839779e+02
-2.719177192767655242e+02
-2.722163658657570409e+02
-2.725151763661585278e+02
-2.728141507779699850e+02
-2.731132891011914694e+02
-2.734125913358228672e+02
-3.190856123210592727e+02
-3.194349123892815214e+02
-3.197844035406921535e+02
-3.201340857752909983e+02
-3.204839590930782265e+02
-3.208340234940537243e+02
-3.211842789782175487e+02
-3.215347255455696427e+02
-3.218853631961101200e+02
-3.222361919298388671e+02
-3.225872117467558837e+02
-3.229384226468612269e+02
-3.232898246301548397e+02
-3.236414176966368359e+02
-3.239932018463070449e+02
-3.243451770791655804e+02
-3.246973433952124992e+02
-2.814063601624736179e+02
-2.817115731344502478e+02
-2.820169515335119854e+02
-2.823224953596588307e+02
-2.826282046128907268e+02
-2.829340792932077306e+02
-2.832401194006097853e+02
-2.835463249350968908e+02
-2.838526958966691609e+02
-2.841592322853264250e+02
-2.844659341010688536e+02
-2.847728013438963330e+02
-2.850798340138088633e+02
-2.853870321108065014e+02
-2.856943956348892470e+02
-2.860019245860570436e+02
-2.863096189643098910e+02
-2.339495070470080123e+02
-2.342009304828457630e+02
-2.344524889473815676e+02
-2.347041824406154831e+02
-2.349560109625474524e+02
-2.352079745131775610e+02
-2.354600730925057235e+02
-2.357123067005319399e+02
-2.359646753372562955e+02
-2.362171790026787335e+02
-2.364698176967992254e+02
-2.367225914196178280e+02
-2.369755001711345130e+02
-2.372285439513492804e+02
-2.374817227602621585e+02
-2.377350365978730906e+02
-2.379884854641821335e+02
-1.382806142298794896e+02
-1.384278779298048221e+02
-1.385752200031733992e+02
-1.387226404499853061e+02
-1.388701392702404576e+02
-1.390177164639389105e+02
-1.391653720310806648e+02
-1.393131059716656637e+02
-1.394609182856939640e+02
-1.396088089731655089e+02
-1.397567780340803836e+02
-1.399048254684385313e+02
-1.400529512762399236e+02
-1.402011554574846457e+02
-1.403494380121726124e+02
-1.404977989403038805e+02
-1.406462382418784216e+02
-7.359118912943395152e+00
-7.366885793062596832e+00
-7.374656769637557119e+00
-7.382431842668276900e+00
-7.390211012154755288e+00
-7.397994278096993170e+00
-7.405781640494990548e+00
-7.413573099348746531e+00
-7.421368654658261121e+00
-7.429168306423535206e+00
-7.436972054644567898e+00
-7.444779899321360084e+00
-7.452591840453911765e+00
-7.460407878042222052e+00
-7.468228012086291834e+00
-7.476052242586120222e+00
-7.483880569541707217e+00
1.237569482973158870e+02
1.238864011721038594e+02
1.240159217169779993e+02
1.241455099319382640e+02
1.242751658169846820e+02
1.244048893721172391e+02
1.245346805973359210e+02
1.246645394926407704e+02
1.247944660580317446e+02
1.249244602935088437e+02
1.250545221990721103e+02
1.251846517747215017e+02
1.253148490204570322e+02
1.254451139362787160e+02
1.255754465221865530e+02
1.257058467781805007e+02
1.258363147042606016e+02
2.181049357352877394e+02
2.183310683799069807e+02
2.185573181916996646e+02
2.187836851706656489e+02
2.190101693168050758e+02
2.192367706301178600e+02
2.194634891106040016e+02
2.196903247582635572e+02
2.199172775730964702e+02
2.201443475551027689e+02
2.203715347042824249e+02
2.205988390206354950e+02
2.208262605041619224e+02
2.210537991548617072e+02
2.212814549727349345e+02
2.215092279577814622e+02
2.217371181100014326e+02
2.938024911765282923e+02
2.941044464603684787e+02
2.944065568316682970e+02
2.947088222904276904e+02
2.950112428366467157e+02
2.953138184703253160e+02
2.956165491914635481e+02
2.959194350000613554e+02
2.962224758961187945e+02
2.965256718796357518e+02
2.968290229506123978e+02
2.971325291090485621e+02
2.974361903549444150e+02
2.977400066882998431e+02
2.980439781091147893e+02
2.983481046173894242e+02
2.986523862131236342e+02
3.494071588692193586e+02
3.497631518991421444e+02
3.501193261882451679e+02
3.504756817365283155e+02
3.508322185439917575e+02
3.511889366106353805e+02
3.515458359364591843e+02
3.519029165214632258e+02
3.522601783656473913e+02
3.526176214690118513e+02
3.529752458315564922e+02
3.533330514532813140e+02
3.536910383341863735e+02
3.540492064742716138e+02
3.544075558735370919e+02
3.547660865319827508e+02
3.551247984496085905e+02
3.482766058403898910e+02
3.486284003917438099e+02
3.489803725274245494e+02
3.493325222474320526e+02
3.496848495517663196e+02
3.500373544404273503e+02
3.503900369134152015e+02
3.507428969707298165e+02
3.510959346123711953e+02
3.514491498383393946e+02
3.518025426486343576e+02
3.521561130432560844e+02
3.525098610222046318e+02
3.528637865854799429e+02
3.532178897330820178e+02
3.535721704650109132e+02
3.539266287812665155e+02
2.865860167916106889e+02
2.868730333332147211e+02
2.871601935267414092e+02
2.874474973721908668e+02
2.877349448695630940e+02
2.880225360188579771e+02
2.883102708200756297e+02
2.885981492732160518e+02
2.888861713782791298e+02
2.891743371352649206e+02
2.894626465441734240e+02
2.897510996050046970e+02
2.900396963177587395e+02
2.903284366824354379e+02
2.906173206990348490e+02
2.909063483675570296e+02
2.911955196880019230e+02
2.176676912475057009e+02
2.178838458564903249e+02
2.181001077382337314e+02
2.183164768927359489e+02
2.185329533199969774e+02
2.187495370200167883e+02
2.189662279927954103e+02
2.191830262383328147e+02
2.193999317566290586e+02
2.196169445476840849e+02
2.198340646114978938e+02
2.200512919480705420e+02
2.202686265574019444e+02
2.204860684394921861e+02
2.207036175943412104e+02
2.209212740219490456e+02
2.211390377223156918e+02
2.213569086954411205e+02
2.215748869413253601e+02
2.217929724599683823e+02
2.220111652513702154e+02
2.222294653155308595e+02
2.224478726524503145e+02
2.226663872621285520e+02
2.228850091445656005e+02
2.231037382997614316e+02
2.233225747277160735e+02
2.235415184284295265e+02
2.237605694019017903e+02
2.239797276481328367e+02
2.241989931671226941e+02
2.244183659588713056e+02
2.246378460233787848e+02
1.068602083751702452e+02
1.069646150272221945e+02
1.070690726590847106e+02
1.071735812707578077e+02
1.072781408622414716e+02
1.073827514335357165e+02
1.074874129846405282e+02
1.075921255155559066e+02
1.076968890262818661e+02
1.078017035168183924e+02
1.079065689871654996e+02
1.080114854373231736e+02
1.081164528672914145e+02
1.082214712770702221e+02
1.083265406666596107e+02
1.084316610360595803e+02
1.085368323852701167e+02
1.086420547142912199e+02
1.087473280231228898e+02
1.088526523117651550e+02
1.089580275802179727e+02
1.090634538284813573e+02
1.091689310565553370e+02
1.092744592644398693e+02
1.093800384521349827e+02
1.094856686196406628e+02
1.095913497669569239e+02
1.096970818940837376e+02
1.098028650010211464e+02
1.099086990877691221e+02
1.100145841543276646e+02
1.101205202006967738e+02
1.102265072268764641e+02
-1.818628352978826079e+00
-1.820377034087459434e+00
-1.822126555504170131e+00
-1.823876917228958172e+00
-1.825628119261823334e+00
-1.827380161602765396e+00
-1.829133044251784801e+00
-1.830886767208881549e+00
-1.832641330474055419e+00
-1.834396734047306188e+00
-1.836152977928634744e+00
-1.837910062118039756e+00
-1.839667986615522555e+00
-1.841426751421082475e+00
-1.843186356534719295e+00
-1.844946801956433458e+00
-1.846708087686224742e+00
-1.848470213724093147e+00
-1.850233180070039118e+00
-1.851996986724061989e+00
-1.853761633686162202e+00
-1.855527120956339315e+00
-1.857293448534593994e+00
-1.859060616420925571e+00
-1.860828624615334492e+00
-1.862597473117820313e+00
-1.864367161928383698e+00
-1.866137691047024205e+00
-1.867909060473741834e+00
-1.869681270208536583e+00
-1.871454320251408676e+00
-1.873228210602357668e+00
-1.875002941261384004e+00
-5.853760032226506382e+01
-5.859300742148160168e+01
-5.864844073030040761e+01
-5.870390024872149581e+01
-5.875938597674485919e+01
-5.881489791437051196e+01
-5.887043606159843279e+01
-5.892600041842862879e+01
-5.898159098486111418e+01
-5.903720776089587474e+01
-5.909285074653290337e+01
-5.914851994177222139e+01
-5.920421534661381457e+01
-5.925993696105769004e+01
-5.931568478510384068e+01
-5.937145881875226650e+01
-5.942725906200297459e+01
-5.948308551485595785e+01
-5.953893817731122340e+01
-5.959481704936876412e+01
-5.965072213102858711e+01
-5.970665342229068528e+01
-5.976261092315505863e+01
-5.981859463362171425e+01
-5.987460455369065215e+01
-5.993064068336186523e+01
-5.998670302263536058e+01
-6.004279157151112400e+01
-6.009890632998916971e+01
-6.015504729806949769e+01
-6.021121447575210084e+01
-6.026740786303698627e+01
-6.032362745992415398e+01
-5.963304761536170417e+01
-5.968862361500323033e+01
-5.974422550006611488e+01
-5.979985327055035071e+01
-5.985550692645593074e+01
-5.991118646778286916e+01
-5.996689189453115887e+01
-6.002262320670079276e+01
-6.007838040429177795e+01
-6.013416348730412864e+01
-6.018997245573781640e+01
-6.024580730959286257e+01
-6.030166804886925291e+01
-6.035755467356700166e+01
-6.041346718368610169e+01
-6.046940557922655302e+01
-6.052536986018835563e+01
-6.058136002657150954e+01
-6.063737607837601473e+01
-6.069341801560186411e+01
-6.074948583824907899e+01
-6.080557954631763806e+01
-6.086169913980754131e+01
-6.091784461871880296e+01
-6.097401598305142301e+01
-6.103021323280538013e+01
-6.108643636798070276e+01
-6.114268538857736246e+01
-6.119896029459538056e+01
-6.125526108603475706e+01
-6.131158776289547774e+01
-6.136794032517754971e+01
-6.142431877288097297e+01
-3.078419109923203933e+01
-3.081244643755166734e+01
-3.084071473703565758e+01
-3.086899599768401714e+01
-3.089729021949674248e+01
-3.092559740247383360e+01
-3.095391754661529404e+01
-3.098225065192112027e+01
-3.101059671839131582e+01
-3.103895574602587715e+01
-3.106732773482480425e+01
-3.109571268478809358e+01
-3.112411059591575579e+01
-3.115252146820778023e+01
-3.118094530166417755e+01
-3.120938209628493709e+01
-3.123783185207006596e+01
-3.126629456901956061e+01
-3.129477024713342104e+01
-3.132325888641164724e+01
-3.135176048685424277e+01
-3.138027504846120408e+01
-3.140880257123253472e+01
-3.143734305516822758e+01
-3.146589650026828977e+01
-3.149446290653271774e+01
-3.152304227396151504e+01
-3.155163460255467456e+01
-3.158023989231220696e+01
-3.160885814323410514e+01
-3.163748935532036555e+01
-3.166613352857099173e+01
-3.169479066298599079e+01
2.554357870616827952e+01
2.556667416611960775e+01
2.558978006233842351e+01
2.561289639482472680e+01
2.563602316357852118e+01
2.565916036859979599e+01
2.568230800988856544e+01
2.570546608744482242e+01
2.572863460126856694e+01
2.575181355135980255e+01
2.577500293771852213e+01
2.579820276034473281e+01
2.582141301923842747e+01
2.584463371439961321e+01
2.586786484582828649e+01
2.589110641352445086e+01
2.591435841748810276e+01
2.593762085771923864e+01
2.596089373421786561e+01
2.598417704698398012e+01
2.600747079601758216e+01
2.603077498131867529e+01
2.605408960288725240e+01
2.607741466072332059e+01
2.610075015482687633e+01
2.612409608519791959e+01
2.614745245183645039e+01
2.617081925474247228e+01
2.619419649391598170e+01
2.621758416935697866e+01
2.624098228106546316e+01
2.626439082904143163e+01
2.628780981328489474e+01
6.383952033281377680e+01
6.389639295671828734e+01
6.395329090236096192e+01
6.401021416974178635e+01
6.406716275886077483e+01
6.412413666971791315e+01
6.418113590231322974e+01
6.423816045664668195e+01
6.429521033271831243e+01
6.435228553052809275e+01
6.440938605007602291e+01
6.446651189136213134e+01
6.452366305438638960e+01
6.458083953914879771e+01
6.463804134564936987e+01
6.469526847388810609e+01
6.475252092386500635e+01
6.480979869558005646e+01
6.486710178903327062e+01
6.492443020422463462e+01
6.498178394115416268e+01
6.503916299982184057e+01
6.509656738022769673e+01
6.515399708237168852e+01
6.521145210625385857e+01
6.526893245187417847e+01
6.532643811923264821e+01
6.538396910832929620e+01
6.544152541916409405e+01
6.549910705173704173e+01
6.555671400604815346e+01
6.561434628209742925e+01
6.567200387988486909e+01
8.568884002244710985e+01
8.576407166425785533e+01
8.583933631688115895e+01
8.591463398031702070e+01
8.598996465456542637e+01
8.606532833962640439e+01
8.614072503549992632e+01
8.621615474218600639e+01
8.629161745968463038e+01
8.636711318799582671e+01
8.644264192711955275e+01
8.651820367705585113e+01
8.659379843780469344e+01
8.666942620936609387e+01
8.674508699174005244e+01
8.682078078492656914e+01
8.689650758892562976e+01
8.697226740373724851e+01
8.704806022936141119e+01
8.712388606579814621e+01
8.719974491304742514e+01
8.727563677110926221e+01
8.735156163998364320e+01
8.742751951967059654e+01
8.750351041017009379e+01
8.757953431148213497e+01
8.765559122360673427e+01
8.773168114654389171e+01
8.780780408029360729e+01
8.788396002485588099e+01
8.796014898023069861e+01
8.803637094641807437e+01
8.811262592341800826e+01
7.695859682051995776e+01
7.702519880824866050e+01
7.709182960306549148e+01
7.715848920497043650e+01
7.722517761396348135e+01
7.729189483004466865e+01
7.735864085321396999e+01
7.742541568347137115e+01
7.749221932081691477e+01
7.755905176525055822e+01
7.762591301677232991e+01
7.769280307538221564e+01
7.775972194108021540e+01
7.782666961386634341e+01
7.789364609374058546e+01
7.796065138070292733e+01
7.802768547475341165e+01
7.809474837589199581e+01
7.816184008411872242e+01
7.822896059943354885e+01
7.829610992183648932e+01
7.836328805132755804e+01
7.843049498790674079e+01
7.849773073157403758e+01
7.856499528232946261e+01
7.863228864017300168e+01
7.869961080510465479e+01
7.876696177712442193e+01
7.883434155623231732e+01
7.890175014242832674e+01
7.896918753571245020e+01
7.903665373608470190e+01
7.910414874354505343e+01
6.512268242367109394e+01
6.517824785236022933e+01
6.523383697632812073e+01
6.528944979557478234e+01
6.534508631010019997e+01
6.540074651990437360e+01
6.545643042498730324e+01
6.551213802534900310e+01
6.556786932098944476e+01
6.562362431190865664e+01
6.567940299810662452e+01
6.573520537958334842e+01
6.579103145633882832e+01
6.584688122837307844e+01
6.590275469568607036e+01
6.595865185827784671e+01
6.601457271614836486e+01
6.607051726929763902e+01
6.612648551772566918e+01
6.618247746143246957e+01
6.623849310041802596e+01
6.629453243468233836e+01
6.635059546422540677e+01
6.640668218904724540e+01
6.646279260914782583e+01
6.651892672452717648e+01
6.657508453518528313e+01
6.663126604112214579e+01
6.668747124233777868e+01
6.674370013883215336e+01
6.679995273060529826e+01
6.685622901765719917e+01
6.691252899998785608e+01
3.796163949992951814e+01
3.799358029883563859e+01
3.802553452953272739e+01
3.805750219202077744e+01
3.808948328629978874e+01
3.812147781236976130e+01
3.815348577023068799e+01
3.818550715988257593e+01
3.821754198132543934e+01
3.824959023455925688e+01
3.828165191958402858e+01
3.831372703639976862e+01
3.834581558500646281e+01
3.837791756540412536e+01
3.841003297759274915e+01
3.844216182157233419e+01
3.847430409734288048e+01
3.850645980490438802e+01
3.853862894425685681e+01
3.857081151540028685e+01
3.860300751833467814e+01
3.863521695306003068e+01
3.866743981957634446e+01
3.869967611788361950e+01
3.873192584798185578e+01
3.876418900987104621e+01
3.879646560355121210e+01
3.882875562902233213e+01
3.886105908628441341e+01
3.889337597533745594e+01
3.892570629618145972e+01
3.895805004881642475e+01
3.899040723324235103e+01
3.090127515912556078e+01
3.092691937087587206e+01
3.095257421896453209e+01
3.097823970339153377e+01
3.100391582415688063e+01
3.102960258126057269e+01
3.105529997470260994e+01
3.108100800448299239e+01
3.110672667060172003e+01
3.113245597305879642e+01
3.115819591185421444e+01
3.118394648698797411e+01
3.120970769846008608e+01
3.123547954627053969e+01
3.126126203041934204e+01
3.128705515090648603e+01
3.131285890773197522e+01
3.133867330089580960e+01
3.136449833039798918e+01
3.139033399623851750e+01
3.141618029841738746e+01
3.144203723693460262e+01
3.146790481179016297e+01
3.149378302298406851e+01
3.151967187051631925e+01
3.154557135438691873e+01
3.157148147459585985e+01
3.159740223114314972e+01
3.162333362402878123e+01
3.164927565325275793e+01
3.167522831881507983e+01
3.170119162071575047e+01
3.172716555895475921e+01
1.597300677456063411e+01
1.598608332533800613e+01
1.599916522658623741e+01
1.601225247830532794e+01
1.602534508049527417e+01
1.603844303315607789e+01
1.605154633628774263e+01
1.606465498989026131e+01
1.607776899396364456e+01
1.609088834850788174e+01
1.610401305352297996e+01
1.611714310900893210e+01
1.613027851496574527e+01
1.614341927139341593e+01
1.615656537829194406e+01
1.616971683566133322e+01
1.618287364350157631e+01
1.619603580181268043e+01
1.620920331059464203e+01
1.622237616984746111e+01
1.623555437957113767e+01
1.624873793976567526e+01
1.626192685043107033e+01
1.627512111156731933e+01
1.628832072317443291e+01
1.630152568525240042e+01
1.631473599780122541e+01
1.632795166082091143e+01
1.634117267431145493e+01
1.635439903827285590e+01
1.636763075270511791e+01
1.638086781760823385e+01
1.639411023298221082e+01
1.295663814637367217e+01
1.296710392839820791e+01
1.297757393560724815e+01
1.298804816800079820e+01
1.299852662557885452e+01
1.300900930834141711e+01
1.301949621628848774e+01
1.302998734942006642e+01
1.304048270773615137e+01
1.305098229123674436e+01
1.306148609992184362e+01
1.307199413379145270e+01
1.308250639284556627e+01
1.309302287708418788e+01
1.310354358650731754e+01
1.311406852111495347e+01
1.312459768090709744e+01
1.313513106588374946e+01
1.314566867604490774e+01
1.315621051139057229e+01
1.316675657192074489e+01
1.317730685763542553e+01
1.318786136853461244e+01
1.319842010461830739e+01
1.320898306588651039e+01
1.321955025233921788e+01
1.323012166397643519e+01
1.324069730079815876e+01
1.325127716280439039e+01
1.326186124999512828e+01
1.327244956237037243e+01
1.328304209993012641e+01
1.329363886267438666e+01
