1.935474298847460629e-03
7.484520934835444013e-03
5.464343272664326859e-03
1.314523198572150123e-02
1.019726042354724554e-02
2.153514741677930999e-02
2.644994139748126777e-02
6.717759807023206305e-03
2.879774930177336420e-02
4.084333613534185670e-02
4.799814704293896284e-02
5.328855249643399405e-02
7.555512696866763245e-02
7.882761291862926123e-02
7.890336943963774385e-02
7.747213575273140251e-02
2.126290763278141649e-01
1.990719582388820186e-01
2.457797258883237801e-01
2.770296884204060395e-01
3.079578183370974553e-01
3.244147015557536928e-01
3.609082223302325088e-01
3.827758295687274659e-01
3.863466204496645573e-01
2.755985731233616676e-01
2.599386409005930987e-01
2.272400957336753458e-01
9.609726291573454648e-02
1.589747060499525355e-01
-1.281575200903947997e-01
-3.432456323246450558e-01
-4.904381586317722586e-01
-9.959207711269684182e-01
-1.526534459486529993e+00
-2.490630294343689322e+00
-3.062108623805369412e+00
-4.479717806227649035e+00
-5.872501939459233711e+00
-7.783195918856127271e+00
-9.675763428388695075e+00
-1.222363674073418771e+01
-1.553154016271412630e+01
-1.782327626034387080e+01
-2.099010800622180994e+01
-2.271007204187452189e+01
-2.300154039273603601e+01
-2.055363891008300925e+01
-1.655108346277053855e+01
-5.827289384104153314e+00
1.410310938471993403e+00
1.245740599658933156e+01
2.297606268385576556e+01
3.214888196558966627e+01
3.715722175010496642e+01
4.154917382390266312e+01
4.242601764096752959e+01
4.431711260322770585e+01
4.099985753522851439e+01
3.875231814758623017e+01
3.552719352728625779e+01
2.982093943503128131e+01
2.172978713698561748e+01
1.257593661790241413e+01
6.446101854266995446e+00
-3.514342220317648646e+00
-1.448932901109679783e+01
-2.225439858625991363e+01
-3.401227081629983218e+01
-4.540794794738563667e+01
-5.849693972974743161e+01
-6.744589734482927668e+01
-7.588207134762291162e+01
-8.284890445574372109e+01
-8.735614723488404820e+01
-8.285943897315156903e+01
-7.128974080758843002e+01
-5.355452517607958640e+01
-2.248050579904759871e+01
9.908245875260584867e+00
5.239580070650426791e+01
8.604091781922015514e+01
1.244773986223699467e+02
1.502090553290858566e+02
1.762053730035480044e+02
1.865292929139012870e+02
2.011203924723681382e+02
2.101235250333903366e+02
1.961994550480904991e+02
1.864637753709250489e+02
1.683601350175842981e+02
1.446760874498844487e+02
1.166587868878148413e+02
9.574464852264837589e+01
5.787033436324498581e+01
1.771104557031127413e+01
-1.771048929780801018e+01
-6.849019966117329261e+01
-1.254008992582050155e+02
-1.836211490915209765e+02
-2.462643466031515231e+02
-3.179374123941300923e+02
-4.033500387165868233e+02
-4.992020406917865216e+02
-5.899520327618819238e+02
-7.053781653238779654e+02
-7.997387507140400658e+02
-9.097789125844349201e+02
-9.955056799908506946e+02
-1.071290996319203032e+03
-1.117749747404941218e+03
-1.126709155318655348e+03
-1.066056462066158019e+03
-9.279589906430101109e+02
-7.312442195752250882e+02
-4.871051296376206210e+02
-2.227918360345710198e+02
6.261971835689175947e+01
3.824664921303522647e+02
6.227758303253483518e+02
8.568282862207030348e+02
1.015375772603062273e+03
1.089326786462582731e+03
1.133262969765873322e+03
1.135876710246623816e+03
1.024206786834121885e+03
9.132664398407343924e+02
7.931255718995132611e+02
6.220107948509203197e+02
4.143036840385161668e+02
2.394341816979557223e+02
2.073999849062864342e+01
-2.475550945114531487e+02
-4.668317500085880738e+02
-7.031118661300531585e+02
-1.001604846156677468e+03
-1.269347069475054013e+03
-1.565285816586555711e+03
-1.771380342626057882e+03
-1.987921459560947369e+03
-2.149724658987538533e+03
-2.312813604664295781e+03
-2.369470311011793001e+03
-2.329425987489682029e+03
-2.217206288092009345e+03
-1.951133067148806731e+03
-1.608147528780181801e+03
-1.026380927284942572e+03
-4.423265593834252627e+02
1.591341682016121695e+02
8.075995373024009041e+02
1.411731280729613673e+03
1.910504739545875054e+03
2.394509098240956519e+03
2.688089712065707317e+03
2.897735214379468744e+03
2.991723837430849017e+03
2.930314292022588688e+03
2.828227069065964770e+03
2.589781434516622994e+03
2.314684448465134210e+03
1.820964037606587908e+03
1.445217108096702304e+03
9.828842288794769502e+02
4.037197856645205434e+02
-1.788661955153346241e+02
-7.175223528581483379e+02
-1.450733742645634493e+03
-2.146181245407285587e+03
-2.779414319361770595e+03
-3.562180047990761977e+03
-4.132138977215203340e+03
-9.591771116839361639e+03
-1.135015212169756705e+04
-1.217358831850225033e+04
-1.199372531379068096e+04
-1.037995540356518904e+04
-7.138503959171456700e+03
-2.655102427003354023e+03
1.808851031675045533e+03
5.490348728168931302e+03
8.189656260498888514e+03
9.380771143857718926e+03
9.367212156287638209e+03
8.145363102489061930e+03
6.065148118680743210e+03
3.664204249397703734e+03
9.050788408195476222e+02
-1.189686984295391767e+03
-3.316615549051022754e+03
-4.607166644073611678e+03
-5.471788767105877923e+03
-4.825263800010460727e+03
-4.011206087836706047e+03
-2.370721018827306125e+03
-1.261571540223236525e+02
2.121402880009737146e+03
3.738411707712761654e+03
5.035536368824749843e+03
5.988130180609675335e+03
5.968338377273908918e+03
4.910823728391438635e+03
7.297346784257933905e+03
3.581594458930759629e+03
-6.093926743659066858e+01
-1.961030744294728038e+03
-1.997265919812983157e+03
-1.030811063556276849e+03
8.551423388692539902e+02
2.136753378622176115e+03
2.867476192935008385e+03
2.574814894290780103e+03
2.178396360873025060e+03
1.269602199001453528e+03
1.033283342279343060e+03
5.340134208784101020e+02
4.330941893539195462e+02
