8.551432837323095197e-06
1.710286567464619039e-05
2.850477612441031845e-05
4.275716418661547937e-05
5.986002986126166977e-05
7.981337314834889302e-05
1.026171940478771424e-04
1.282714925598464313e-04
1.567762686842567464e-04
1.881315224211081011e-04
2.223372537704004683e-04
2.593934627321338752e-04
2.993001493063083759e-04
3.420573134929238350e-04
2.668138524607130977e-04
3.001655840183022213e-04
3.354791821381024699e-04
3.727546468201138434e-04
4.119919780643363960e-04
4.531911758707700194e-04
4.963522402394147676e-04
5.414751711702705866e-04
5.885599686633376931e-04
6.376066327186157619e-04
6.886151633361050099e-04
7.415855605158055454e-04
7.965178242577170432e-04
8.534119545618396117e-04
9.606501405629157579e-04
1.024693483267110055e-03
1.090802740252084981e-03
1.158977911517840211e-03
1.229218997064375962e-03
2.352697770171746205e-03
2.487137642752988795e-03
2.625311956239265686e-03
2.767220710630577309e-03
2.912863905926923666e-03
1.849945475068305633e-03
1.942442748821720947e-03
2.037196053642292663e-03
2.134205389530020782e-03
2.233470756484905520e-03
3.948428268621184678e-03
4.123913969448792828e-03
4.303214576816130968e-03
4.486330090723200832e-03
4.673260511170000686e-03
4.891033398373983467e-03
5.086674734308942875e-03
5.286152174870078178e-03
5.489465720057388511e-03
5.696615369870874739e-03
1.250949226458976686e-03
1.296438289239303316e-03
1.342739656712135321e-03
1.389853328877473570e-03
1.437779305735317412e-03
5.394051302174540131e-03
5.573853012247024716e-03
5.756602291337091157e-03
5.942299139444739454e-03
6.130943556569969609e-03
7.688368232585193404e-03
7.924933408972429164e-03
8.165082906214019345e-03
8.408816724309960480e-03
8.656134863260252568e-03
9.073822396478001956e-03
9.333074464948801913e-03
9.595977971003696178e-03
9.862532914642688220e-03
1.013273929586577631e-02
1.011134318341124286e-02
1.038097900163554438e-02
1.065416265957332131e-02
1.093089415722457540e-02
1.121117349458930837e-02
1.438299714327162873e-02
1.474257207185341971e-02
1.510658619708436790e-02
1.547503951896447502e-02
1.584793203749373935e-02
1.504909507535074145e-02
1.540319143006487791e-02
1.576140518425243192e-02
1.612373633791340868e-02
1.649018489104780300e-02
1.510209384694164748e-02
1.543769593242924100e-02
1.577698595292218939e-02
1.611996390842049959e-02
1.646662979892416639e-02
1.486213458277051667e-02
1.517502162661831661e-02
1.549116791050620008e-02
1.581057343443416363e-02
1.613323819840220552e-02
2.183804831107304112e-02
2.227480927729450638e-02
2.271589460951815506e-02
2.316130430774400450e-02
2.361103837197204430e-02
2.406509680220227446e-02
2.452347959843469843e-02
2.498618676066931624e-02
2.545321828890612439e-02
2.057684424976461215e-02
2.095440102498965021e-02
2.133539013453491714e-02
2.171981157840040949e-02
2.210766535658613072e-02
2.249895146909208082e-02
2.289366991591825634e-02
2.329182069706466074e-02
2.369340381253129402e-02
2.554316289151266697e-02
2.597609785577559283e-02
2.641267092898190796e-02
2.685288211113160545e-02
2.729673140222468875e-02
2.774421880226116133e-02
2.819534431124101626e-02
2.865010792916425700e-02
2.910850965603088703e-02
2.892576572993500045e-02
2.938128959969775814e-02
2.984037224969303403e-02
3.030301367992083161e-02
3.076921389038115434e-02
3.123897288107399528e-02
3.171229065199936137e-02
3.218916720315724567e-02
3.266960253454765511e-02
3.228601210475354200e-02
3.276080640041168640e-02
3.323906634786294445e-02
3.372079194710733696e-02
3.420598319814485699e-02
3.469464010097549761e-02
3.518676265559926575e-02
3.568235086201615447e-02
3.618140472022617071e-02
3.413279276345760477e-02
3.460358990502254012e-02
3.507761168454339579e-02
3.555485810202017871e-02
3.603532915745288195e-02
3.651902485084151245e-02
3.700594518218607021e-02
3.749609015148654828e-02
3.798945975874294667e-02
3.809230390710321990e-02
3.858700915265000919e-02
3.908490604494227472e-02
3.958599458397999565e-02
4.009027476976317894e-02
4.059774660229182458e-02
4.110841008156593951e-02
4.162226520758551679e-02
4.213931198035054948e-02
4.051394290568419154e-02
4.101104649961897358e-02
4.151118121302895675e-02
4.201434704591415492e-02
4.252054399827456810e-02
4.302977207011019628e-02
4.354203126142102559e-02
4.405732157220707684e-02
4.457564300246833616e-02
4.099494357945789730e-02
4.147162896991670594e-02
4.195106976725677950e-02
4.243326597147813184e-02
4.291821758258073521e-02
4.340592460056461044e-02
4.389638702542974363e-02
4.438960485717614868e-02
4.488557809580381169e-02
2.930998610437378360e-02
2.963385335414587055e-02
2.995950009430132024e-02
3.028692632484013270e-02
3.061613204576230790e-02
3.094711725706784933e-02
3.127988195875675004e-02
3.161442615082901003e-02
3.195074983328464319e-02
2.770144562382909764e-02
2.799303978829046149e-02
2.828616062376994311e-02
2.858080813026754249e-02
2.887698230778327005e-02
2.917468315631711884e-02
2.947391067586908886e-02
2.977466486643918012e-02
3.007694572802739608e-02
2.426215718677643754e-02
2.450599796252293447e-02
2.475105794214816149e-02
2.499733712565212554e-02
2.524483551303481968e-02
2.549355310429624738e-02
2.574348989943640517e-02
2.599464589845529652e-02
2.624702110135291797e-02
1.027776190135611632e-02
1.037658653502300174e-02
1.047588401382705016e-02
1.057565433776825811e-02
1.067589750684663254e-02
1.077661352106216476e-02
1.087780238041486346e-02
1.097946408490471995e-02
1.108159863453174118e-02
1.702932725658613117e-02
1.718627958153162716e-02
1.734395187127044796e-02
1.750234412580260052e-02
1.766145634512807788e-02
1.782128852924688353e-02
1.798184067815901746e-02
1.814311279186447967e-02
1.830510487036327016e-02
-1.374806493878977590e-02
-1.386972923028348924e-02
-1.399192948781902666e-02
-1.411466571139638818e-02
-1.423793790101557030e-02
-1.436174605667657478e-02
-1.448609017837940161e-02
-1.461097026612405252e-02
-1.473638631991052404e-02
-3.687081690630411579e-02
-3.718461109274074500e-02
-3.749973491556057859e-02
-3.781618837476363043e-02
-3.813397147034987972e-02
-3.845308420231932645e-02
-3.877352657067199143e-02
-3.909529857540785386e-02
-3.941840021652693454e-02
-5.274724037473345339e-02
-5.317959480403454398e-02
-5.361371394529197004e-02
-5.404959779850573159e-02
-5.448724636367581475e-02
-5.492665964080223340e-02
-5.536783762988498059e-02
-5.581078033092406326e-02
-5.625548774391947449e-02
-1.072358567228001436e-01
-1.080835710051938209e-01
-1.089346227453922011e-01
-1.097890119433952844e-01
-1.106467385992030428e-01
-1.115078027128155180e-01
-1.123722042842326962e-01
-1.132399433134545635e-01
-1.141110198004811477e-01
-1.645460572497783880e-01
-1.658021340226774609e-01
-1.670629867528879431e-01
-1.683286154404098345e-01
-1.695990200852431073e-01
-1.708742006873877894e-01
-1.721541572468438808e-01
-1.734388897636113813e-01
-1.747283982376902634e-01
-2.687354942570730487e-01
-2.707187820375680509e-01
-2.727093613172560382e-01
-2.747072320961370662e-01
-2.767123943742110792e-01
-2.787248481514780218e-01
-2.807445934279380051e-01
-2.827716302035910290e-01
-2.848059584784369824e-01
-3.307070588604382744e-01
-3.330692521380128057e-01
-3.354398517973580796e-01
-3.378188578384740959e-01
-3.402062702613608547e-01
-3.426020890660183005e-01
-3.450063142524464888e-01
-3.474189458206454750e-01
-3.498399837706150928e-01
-4.842341654090722702e-01
-4.875852668997924799e-01
-4.909479239128945460e-01
-4.943221364483783575e-01
-4.977079045062439144e-01
-5.011052280864913833e-01
-5.045141071891204865e-01
-5.079345418141314461e-01
-5.113665319615242622e-01
-6.353117696028681705e-01
-6.395756069827531753e-01
-6.438537046883233694e-01
-6.481460627195788637e-01
-6.524526810765196583e-01
-6.567735597591455310e-01
-6.611086987674568149e-01
-6.654580981014532881e-01
-6.698217577611348394e-01
-8.426742527644879299e-01
-8.481639873101849414e-01
-8.536715456693418913e-01
-8.591969278419590017e-01
-8.647401338280361616e-01
-8.703011636275733709e-01
-8.758800172405706297e-01
-8.814766946670279379e-01
-8.870911959069452957e-01
-1.048348988846942609e+00
-1.054984109029518224e+00
-1.061640160190587823e+00
-1.068317142330151182e+00
-1.075015055448208523e+00
-1.081733899544759847e+00
-1.088473674619805154e+00
-1.095234380673344221e+00
-1.102016017705377271e+00
-1.325324975368952884e+00
-1.333480821371223479e+00
-1.341661685306016372e+00
-1.349867567173331340e+00
-1.358098466973168827e+00
-1.366354384705528391e+00
-1.374635320370410474e+00
-1.382941273967814855e+00
-1.391272245497741311e+00
-1.685084261586935694e+00
-1.695174586506617898e+00
-1.705295031799194838e+00
-1.715445597464666072e+00
-1.725626283503032043e+00
-1.735837089914292530e+00
-1.746078016698447755e+00
-1.756349063855497494e+00
-1.766650231385441749e+00
-1.934928392614433834e+00
-1.946210773912477210e+00
-1.957525952830572846e+00
-1.968873929368721187e+00
-1.980254703526921789e+00
-1.991668275305175095e+00
-2.003114644703480440e+00
-2.014593811721838712e+00
-2.026105776360249244e+00
-2.280071878034473087e+00
-2.293026831886941341e+00
-2.306018485325394440e+00
-2.319046838349831496e+00
-2.332111890960253398e+00
-2.345213643156659256e+00
-2.358352094939049515e+00
-2.371527246307424175e+00
-2.384739097261782792e+00
-2.468289823079623080e+00
-2.481964558941559762e+00
-2.495677070316927981e+00
-2.509427357205726405e+00
-2.523215419607955479e+00
-2.537041257523615201e+00
-2.550904870952706460e+00
-2.564806259895227925e+00
-2.578745424351180038e+00
-2.501304314875803847e+00
-2.514824878739997160e+00
-2.528381886172557547e+00
-2.541975337173485450e+00
-2.555605231742780425e+00
-2.569271569880442030e+00
-2.582974351586471151e+00
-2.596713576860867345e+00
-2.610489245703630612e+00
-2.236244757779023207e+00
-2.248045521672315861e+00
-2.259877340207433249e+00
-2.271740213384375373e+00
-2.283634141203141787e+00
-2.295559123663732493e+00
-2.307515160766147932e+00
-2.319502252510387663e+00
-2.331520398896451685e+00
-1.801639253004464925e+00
-1.810926053277683856e+00
-1.820236727073456073e+00
-1.829571274391781355e+00
-1.838929695232659922e+00
-1.848311989596091998e+00
-1.857718157482077359e+00
-1.867148198890615785e+00
-1.876602113821707274e+00
-6.346134453929005437e-01
-6.378104904578523193e-01
-6.410155682993490256e-01
-6.442286789173907735e-01
-6.474498223119777851e-01
-6.506789984831098383e-01
-6.539162074307869332e-01
-6.571614491550092918e-01
-6.604147236557766920e-01
1.536561501302140254e-01
1.544130769781461299e-01
1.551718635972033633e-01
1.559325099873857257e-01
1.566950161486932447e-01
1.574593820811258926e-01
1.582256077846836972e-01
1.589936932593666030e-01
1.597636385051746932e-01
1.357834287478333124e+00
1.364378067177023812e+00
1.370937577115374895e+00
1.377512817293386371e+00
1.384103787711058020e+00
1.390710488368390063e+00
1.397332919265382278e+00
1.403971080402035110e+00
1.410624971778347891e+00
2.505365283383684805e+00
2.517183044154362559e+00
2.529028611420971018e+00
2.540901985183511069e+00
2.552803165441981825e+00
2.564732152196383286e+00
2.576688945446716339e+00
2.588673545192980097e+00
2.600685951435175003e+00
3.506955998928168672e+00
3.523154410008668247e+00
3.539390144617003298e+00
3.555663202753173380e+00
3.571973584417178493e+00
3.588321289609019082e+00
3.604706318328695147e+00
3.621128670576206243e+00
3.637588346351552815e+00
4.054803530924314003e+00
4.073151058213564824e+00
4.091540002042970414e+00
4.109970362412534328e+00
4.128442139322253013e+00
4.146955332772128244e+00
4.165509942762160023e+00
4.184105969292348348e+00
4.202743412362693221e+00
4.535703596670311200e+00
4.555817581577939812e+00
4.575976066452178692e+00
4.596179051293026951e+00
4.616426536100485478e+00
4.636718520874553384e+00
4.657055005615231558e+00
4.677435990322519110e+00
4.697861474996416042e+00
4.633019877925523389e+00
4.653163442612155976e+00
4.673350702666873246e+00
4.693581658089673425e+00
4.713856308880557400e+00
4.734174655039525170e+00
4.754536696566576737e+00
4.774942433461712099e+00
4.795391865724932146e+00
4.841135653954045992e+00
4.861780155676664883e+00
4.882468581871033386e+00
4.903200932537152390e+00
4.923977207675021894e+00
4.944797407284641899e+00
4.965661531366011516e+00
4.986569579919131634e+00
5.007521552944001364e+00
4.480192172142690943e+00
4.498937746084711087e+00
4.517722454836630597e+00
4.536546298398449473e+00
4.555409276770168603e+00
4.574311389951787987e+00
4.593252637943306738e+00
4.612233020744725742e+00
4.631252538356043225e+00
4.235896897483015344e+00
4.253292777965492100e+00
4.270724305744039384e+00
4.288191480818657197e+00
4.305694303189345540e+00
4.323232772856104411e+00
4.340806889818934700e+00
4.358416654077834629e+00
4.376062065632805087e+00
3.884518278865228602e+00
3.900181659021943581e+00
3.915876555034103923e+00
3.931602966901710960e+00
3.947360894624763805e+00
3.963150338203262901e+00
3.978971297637207805e+00
3.994823772926599403e+00
4.010707764071436365e+00
3.261531629764781837e+00
3.274448586714345133e+00
3.287391071246813290e+00
3.300359083362184975e+00
3.313352623060461521e+00
3.326371690341642040e+00
3.339416285205726975e+00
3.352486407652715883e+00
3.365582057682609651e+00
2.377253106882708522e+00
2.386503118971746495e+00
2.395771092249306289e+00
2.405057026715388790e+00
2.414360922369994000e+00
2.423682779213121474e+00
2.433022597244771212e+00
2.442380376464943215e+00
2.451756116873637925e+00
1.376181969557697116e+00
1.381444615712793311e+00
1.386717305085742868e+00
1.392000037676545787e+00
1.397292813485201846e+00
1.402595632511711266e+00
1.407908494756073825e+00
1.413231400218289524e+00
1.418564348898358585e+00
7.055769116760360893e-01
7.082294564567731543e-01
7.108869778693689412e-01
7.135494759138234500e-01
7.162169505901367916e-01
7.188894018983089662e-01
7.215668298383399737e-01
7.242492344102297031e-01
7.269366156139782653e-01
-3.847682406871736349e-01
-3.861906741093074080e-01
-3.876157319473491070e-01
-3.890434142012987873e-01
-3.904737208711565599e-01
-3.919066519569222584e-01
-3.933422074585959938e-01
-3.947803873761776550e-01
-3.962211917096673530e-01
-1.586747741224405317e+00
-1.592517733010675895e+00
-1.598298196651368075e+00
-1.604089132146481633e+00
-1.609890539496016792e+00
-1.615702418699973553e+00
-1.621524769758351914e+00
-1.627357592671151654e+00
-1.633200887438372995e+00
-2.437679307451902311e+00
-2.446400879213805002e+00
-2.455138025210997110e+00
-2.463890745443478636e+00
-2.472659039911249135e+00
-2.481442908614308607e+00
-2.490242351552657052e+00
-2.499057368726294470e+00
-2.507887960135221750e+00
-3.726440890041566423e+00
-3.739562160781149558e+00
-3.752706491750503304e+00
-3.765873882949628104e+00
-3.779064334378523071e+00
-3.792277846037189093e+00
-3.805514417925626613e+00
-3.818774050043833856e+00
-3.832056742391812598e+00
-4.976056911240484659e+00
-4.993304942128665935e+00
-5.010582813900738230e+00
-5.027890526556698880e+00
-5.045228080096550549e+00
-5.062595474520290573e+00
-5.079992709827919839e+00
-5.097419786019439236e+00
-5.114876703094848764e+00
-6.411779203866455390e+00
-6.433662409340402455e+00
-6.455582894551102235e+00
-6.477540659498554731e+00
-6.499535704182760831e+00
-6.521568028603719647e+00
-6.543637632761431178e+00
-6.565744516655894536e+00
-6.587888680287111498e+00
-7.394181804710033390e+00
-7.419036197330908244e+00
-7.443932291952823910e+00
-7.468870088575781274e+00
-7.493849587199780338e+00
-7.518870787824821988e+00
-7.543933690450903562e+00
-7.569038295078029499e+00
-7.594184601706195359e+00
-8.320708160895147643e+00
-8.348260174672946121e+00
-8.375857728969384297e+00
-8.403500823784465723e+00
-8.431189459118186846e+00
-8.458923634970549443e+00
-8.486703351341553514e+00
-8.514528608231197282e+00
-8.542399405639482524e+00
-9.086400474169559871e+00
-9.116046152714973871e+00
-9.145740114124469855e+00
-9.175482358398044269e+00
-9.205272885535700667e+00
-9.235111695537437271e+00
-9.264998788403254082e+00
-9.294934164133151100e+00
-9.324917822727130101e+00
-9.582529017165644092e+00
-9.613341007574536690e+00
-9.644202455431919674e+00
-9.675113360737791268e+00
-9.706073723492151473e+00
-9.737083543695002064e+00
-9.768142821346343041e+00
-9.799251556446170852e+00
-9.830409748994489050e+00
-9.090921477655182770e+00
-9.119735808804644961e+00
-9.148595732250228707e+00
-9.177501247991935784e+00
-9.206452356029766193e+00
-9.235449056363718157e+00
-9.264491348993791675e+00
-9.293579233919988525e+00
-9.322712711142308706e+00
-7.822939608853084259e+00
-7.847386295130750256e+00
-7.871871119764543678e+00
-7.896394082754464527e+00
-7.920955184100511914e+00
-7.945554423802687616e+00
-7.970191801860989855e+00
-7.994867318275421297e+00
-8.019580973045979277e+00
-5.877789219826000888e+00
-5.895902591843954710e+00
-5.914043830588090245e+00
-5.932212936058406605e+00
-5.950409908254904678e+00
-5.968634747177584465e+00
-5.986887452826445077e+00
-6.005168025201488291e+00
-6.023476464302712330e+00
-2.467725010744890479e+00
-2.475225694668127474e+00
-2.482737760509305502e+00
-2.490261208268424564e+00
-2.497796037945484660e+00
-2.505342249540486232e+00
-2.512899843053428839e+00
-2.520468818484312923e+00
-2.528049175833137596e+00
1.087823278107213465e+00
1.091085117022077666e+00
1.094351838929329412e+00
1.097623443828968703e+00
1.100899931720995317e+00
1.104181302605409698e+00
1.107467556482211624e+00
1.110758693351400872e+00
1.114054713212977887e+00
5.753432999086586008e+00
5.770454990208143897e+00
5.787502124595760300e+00
5.804574402249435217e+00
5.821671823169167759e+00
5.838794387354959703e+00
5.855942094806810161e+00
5.873114945524718244e+00
5.890312939508685730e+00
9.449369019557053662e+00
9.476958418154300290e+00
9.504588034533759000e+00
9.532257868695429792e+00
9.559967920639312666e+00
9.587718190365404070e+00
9.615508677873711108e+00
9.643339383164228451e+00
9.671210306236957877e+00
1.367268274652671600e+01
1.371208529046483449e+01
1.375154452871077559e+01
1.379106046126454288e+01
1.383063308812613457e+01
1.387026240929555065e+01
1.390994842477279114e+01
1.394969113455785426e+01
1.398949053865074532e+01
1.650148898906398287e+01
1.654843490368436321e+01
1.659544750284255699e+01
1.664252678653856421e+01
1.668967275477238488e+01
1.673688540754401899e+01
1.678416474485346299e+01
1.683151076670072399e+01
1.687892347308579843e+01
1.936013331235881552e+01
1.941451570930364312e+01
1.946897437889495563e+01
1.952350932113276016e+01
1.957812053601704605e+01
1.963280802354782040e+01
1.968757178372507965e+01
1.974241181654882737e+01
1.979732812201906000e+01
2.049730997313741199e+01
2.055416797583682254e+01
2.061110472923249048e+01
2.066812023332442294e+01
2.072521448811261280e+01
2.078238749359706006e+01
2.083963924977776827e+01
2.089696975665473744e+01
2.095437901422796401e+01
2.210370469491724066e+01
2.216426278997180788e+01
2.222490372783766688e+01
2.228562750851481766e+01
2.234643413200326378e+01
2.240732359830300169e+01
2.246829590741402782e+01
2.252935105933634929e+01
2.259048905406996255e+01
2.309624297609654775e+01
2.315874972298720280e+01
2.322134093845473402e+01
2.328401662249914850e+01
2.334677677512043914e+01
2.340962139631860950e+01
2.347255048609366312e+01
2.353556404444558936e+01
2.359866207137439886e+01
2.156854123638005305e+01
2.162621113273401008e+01
2.168395802494424984e+01
2.174178191301076524e+01
2.179968279693356692e+01
2.185766067671264423e+01
2.191571555234800428e+01
2.197384742383964351e+01
2.203205629118756192e+01
2.050087643078020250e+01
2.055503990880075804e+01
2.060927484259706688e+01
2.066358123216912546e+01
2.071795907751694088e+01
2.077240837864050604e+01
2.082692913553982450e+01
2.088152134821489625e+01
2.093618501666572129e+01
1.851274884866269588e+01
1.856108500753649082e+01
1.860948418617413225e+01
1.865794638457562726e+01
1.870647160274097587e+01
1.875505984067017096e+01
1.880371109836321963e+01
1.885242537582011835e+01
1.890120267304087065e+01
1.591039069903312431e+01
1.595144977180482471e+01
1.599256175575277261e+01
1.603372665087697513e+01
1.607494445717743048e+01
1.611621517465414044e+01
1.615753880330709791e+01
1.619891534313630999e+01
1.624034479414177312e+01
1.283077202179922160e+01
1.286350358307931963e+01
1.289627684061582791e+01
1.292909179440874468e+01
1.296194844445806815e+01
1.299484679076379834e+01
1.302778683332593701e+01
1.306076857214448417e+01
1.309379200721943981e+01
1.053173503971048852e+01
1.055829679264796894e+01
1.058489199867478980e+01
1.061152065779095288e+01
1.063818276999645818e+01
1.066487833529130391e+01
1.069160735367549364e+01
1.071836982514902381e+01
1.074516574971189620e+01
6.366347904119507461e+00
6.382224083431526473e+00
6.398120033826124597e+00
6.414035755303304498e+00
6.429971247863064399e+00
6.445926511505404299e+00
6.461901546230325089e+00
6.477896352037824990e+00
6.493910928927906667e+00
1.948616849194914291e+00
1.953422316147306326e+00
1.958233701162447327e+00
1.963051004240337738e+00
1.967874225380977560e+00
1.972703364584366126e+00
1.977538421850504324e+00
1.982379397179391933e+00
1.987226290571028509e+00
-1.948765761028512733e+00
-1.953518848250533679e+00
-1.958277724860157276e+00
-1.963042390857383968e+00
-1.967812846242213531e+00
-1.972589091014646190e+00
-1.977371125174681721e+00
-1.982158948722320124e+00
-1.986952561657561622e+00
-7.537083491406797897e+00
-7.555267046271470832e+00
-7.573472509033570610e+00
-7.591699879693098119e+00
-7.609949158250052470e+00
-7.628220344704433664e+00
-7.646513439056243477e+00
-7.664828441305480133e+00
-7.683165351452143632e+00
-1.380131206015504119e+01
-1.383425075242271518e+01
-1.386722870415673903e+01
-1.390024591535711096e+01
-1.393330238602383453e+01
-1.396639811615690974e+01
-1.399953310575633125e+01
-1.403270735482210441e+01
-1.406592086335422920e+01
-2.021093037404475012e+01
-2.025865394045335677e+01
-2.030643378465253690e+01
-2.035426990664229763e+01
-2.040216230642263184e+01
-2.045011098399354310e+01
-2.049811593935502785e+01
-2.054617717250709319e+01
-2.059429468344973202e+01
-2.710866338844859769e+01
-2.717200138701973700e+01
-2.723541329224032026e+01
-2.729889910411034393e+01
-2.736245882262980800e+01
-2.742609244779871602e+01
-2.748979997961706445e+01
-2.755358141808485328e+01
-2.761743676320208252e+01
-3.500179095521806261e+01
-3.508271995164631107e+01
-3.516374239957158920e+01
-3.524485829899390410e+01
-3.532606764991324155e+01
-3.540737045232961577e+01
-3.548876670624301966e+01
-3.557025641165344609e+01
-3.565183956856090930e+01
-4.440909640864026642e+01
-4.451071905488429081e+01
-4.461245784129545200e+01
-4.471431276787375708e+01
-4.481628383461919185e+01
-4.491837104153176341e+01
-4.502057438861147887e+01
-4.512289387585831690e+01
-4.522532950327229884e+01
-5.496757146839357233e+01
-5.509207332902413867e+01
-5.521671602886355856e+01
-5.534149956791183911e+01
-5.546642394616897320e+01
-5.559148916363497506e+01
-5.571669522030982336e+01
-5.584204211619353941e+01
-5.596752985128610902e+01
-6.496604829228159872e+01
-6.511171207769029934e+01
-6.525753898043988954e+01
-6.540352900053035512e+01
-6.554968213796171028e+01
-6.569599839273395503e+01
-6.584247776484707515e+01
-6.598912025430107064e+01
-6.613592586109595572e+01
-7.768381104164498652e+01
-7.785625013385730142e+01
-7.802888040022949667e+01
-7.820170184076155806e+01
-7.837471445545349980e+01
-7.854791824430533609e+01
-7.872131320731703852e+01
-7.889489934448864972e+01
-7.906867665582011284e+01
-8.808351723887766127e+01
-8.827710738665541612e+01
-8.847091003733962111e+01
-8.866492519093029046e+01
-8.885915284742739573e+01
-8.905359300683095114e+01
-8.924824566914095669e+01
-8.944311083435742660e+01
-8.963818850248034664e+01
-1.002119766375108725e+02
-1.004300658140887066e+02
-1.006483920441193192e+02
-1.008669553276027528e+02
-1.010857556645389934e+02
-1.013047930549280267e+02
-1.015240674987698526e+02
-1.017435789960644854e+02
-1.019633275468119251e+02
-1.096639885373122780e+02
-1.099003333401944218e+02
-1.101369325508299255e+02
-1.103737861692188034e+02
-1.106108941953610696e+02
-1.108482566292566815e+02
-1.110858734709056819e+02
-1.113237447203080563e+02
-1.115618703774637765e+02
-1.180221664024260093e+02
-1.182740813787385434e+02
-1.185262649211239108e+02
-1.187787170295820971e+02
-1.190314377041131308e+02
-1.192844269447169978e+02
-1.195376847513936696e+02
-1.197912111241431887e+02
-1.200450060629655127e+02
-1.231504092565080839e+02
-1.234107695297776672e+02
-1.236714047346980010e+02
-1.239323148712690710e+02
-1.241934999394909340e+02
-1.244549599393635475e+02
-1.247166948708869114e+02
-1.249787047340610542e+02
-1.252409895288859332e+02
-1.241473897119205958e+02
-1.244073842453487089e+02
-1.246676507395858380e+02
-1.249281891946319973e+02
-1.251889996104871727e+02
-1.254500819871513784e+02
-1.257114363246246143e+02
-1.259730626229068662e+02
-1.262349608819981626e+02
-1.174734771479969027e+02
-1.177171980549429549e+02
-1.179611715224143467e+02
-1.182053975504110639e+02
-1.184498761389331207e+02
-1.186946072879805030e+02
-1.189395909975532248e+02
-1.191848272676512721e+02
-1.194303160982746448e+02
-1.022637285057633960e+02
-1.024739314420547913e+02
-1.026843501924491591e+02
-1.028949847569464850e+02
-1.031058351355467835e+02
-1.033169013282500401e+02
-1.035281833350562835e+02
-1.037396811559654850e+02
-1.039513947909776590e+02
-8.059125141902165979e+01
-8.075538838728850521e+01
-8.091969233110802406e+01
-8.108416325048018791e+01
-8.124880114540502518e+01
-8.141360601588252166e+01
-8.157857786191267735e+01
-8.174371668349549225e+01
-8.190902248063098057e+01
-5.368836515253709507e+01
-5.379671704991860537e+01
-5.390517817300312231e+01
-5.401374852179063168e+01
-5.412242809628116191e+01
-5.423121689647469168e+01
-5.434011492237122809e+01
-5.444912217397077114e+01
-5.455823865127331374e+01
-2.455772866597574478e+01
-2.460684412330769888e+01
-2.465600864703059258e+01
-2.470522223714442589e+01
-2.475448489364919880e+01
-2.480379661654491485e+01
-2.485315740583157051e+01
-2.490256726150916933e+01
-2.495202618357770774e+01
6.902889502753342121e+00
6.916572138041257922e+00
6.930268320492825040e+00
6.943978050108042588e+00
6.957701326886913229e+00
6.971438150829433411e+00
6.985188521935605799e+00
6.998952440205430392e+00
7.012729905638905414e+00
4.216416910188705458e+01
4.224700636927779840e+01
4.232992492937451345e+01
4.241292478217721396e+01
4.249600592768588569e+01
4.257916836590052867e+01
4.266241209682116420e+01
4.274573712044776386e+01
4.282914343678034896e+01
6.866125140517809200e+01
6.879496367665846890e+01
6.892880601844186117e+01
6.906277843052822618e+01
6.919688091291760657e+01
6.933111346560997390e+01
6.946547608860535661e+01
6.959996878190371206e+01
6.973459154550506867e+01
9.447198802852068411e+01
9.465436638378808709e+01
9.483692061017920594e+01
9.501965070769398380e+01
9.520255667633247754e+01
9.538563851609464450e+01
9.556889622698052733e+01
9.575232980899008339e+01
9.593593926212332690e+01
1.119605043986427262e+02
1.121747828759607160e+02
1.123892662084195280e+02
1.126039543960191764e+02
1.128188474387596756e+02
1.130339453366410112e+02
1.132492480896631832e+02
1.134647556978261917e+02
1.136804681611300509e+02
1.201225470194838181e+02
1.203504835413424274e+02
1.205786361167762522e+02
1.208070047457852922e+02
1.210355894283695619e+02
1.212643901645290612e+02
1.214934069542637616e+02
1.217226397975736916e+02
1.219520886944588511e+02
1.249754957867106953e+02
1.252106331259142991e+02
1.254459914588577476e+02
1.256815707855410409e+02
1.259173711059641931e+02
1.261533924201271901e+02
1.263896347280300603e+02
1.266260980296727752e+02
1.268627823250553490e+02
1.252716275267620176e+02
1.255053432497597043e+02
1.257392767879698710e+02
1.259734281413925316e+02
1.262077973100276864e+02
1.264423842938753211e+02
1.266771890929354356e+02
1.269122117072080442e+02
1.271474521366931469e+02
1.129629626601258821e+02
1.131719598158337874e+02
1.133811501297262794e+02
1.135905336018033296e+02
1.138001102320649665e+02
1.140098800205111758e+02
1.142198429671419433e+02
1.144299990719572975e+02
1.146403483349572099e+02
1.007331418554127680e+02
1.009179733083584836e+02
1.011029741760181793e+02
1.012881444583918267e+02
1.014734841554794684e+02
1.016589932672810761e+02
1.018446717937966497e+02
1.020305197350262034e+02
1.022165370909697373e+02
8.748686559140658403e+01
8.764607735772398200e+01
8.780543386201074441e+01
8.796493510426689966e+01
8.812458108449243355e+01
8.828437180268733186e+01
8.844430725885163724e+01
8.860438745298529284e+01
8.876461238508834128e+01
6.861584689658347713e+01
6.873970221589138418e+01
6.886366921718244782e+01
6.898774790045665384e+01
6.911193826571398802e+01
6.923624031295449299e+01
6.936065404217812613e+01
6.948517945338491586e+01
6.960981654657483375e+01
4.570571327896573166e+01
4.578754982915188521e+01
4.586945957839902377e+01
4.595144252670715446e+01
4.603349867407627727e+01
4.611562802050638510e+01
4.619783056599748505e+01
4.628010631054957003e+01
4.636245525416265423e+01
2.641573102519830485e+01
2.646265061849350531e+01
2.650961184408089366e+01
2.655661470196046992e+01
2.660365919213223407e+01
2.665074531459618612e+01
2.669787306935232252e+01
2.674504245640064681e+01
2.679225347574116256e+01
2.288282286275859168e+00
2.292314501758283996e+00
2.296350266726168154e+00
2.300389581179512533e+00
2.304432445118316242e+00
2.308478858542580170e+00
2.312528821452303873e+00
2.316582333847487796e+00
2.320639395728131049e+00
-2.731472032906482283e+01
-2.736247333663311565e+01
-2.741026804988487697e+01
-2.745810446882010325e+01
-2.750598259343879803e+01
-2.755390242374095777e+01
-2.760186395972658246e+01
-2.764986720139567211e+01
-2.769791214874822671e+01
-5.151205939362061059e+01
-5.160141248883938658e+01
-5.169084301308347307e+01
-5.178035096635288426e+01
-5.186993634864760594e+01
-5.195959915996765233e+01
-5.204933940031302342e+01
-5.213915706968371211e+01
-5.222905216807971840e+01
-7.758829824342076620e+01
-7.772184092542322276e+01
-7.785549843346349519e+01
-7.798927076754161192e+01
-7.812315792765757294e+01
-7.825715991381134984e+01
-7.839127672600297103e+01
-7.852550836423243652e+01
-7.865985482849971788e+01
-1.105327896106689565e+02
-1.107215731966820584e+02
-1.109105178608402298e+02
-1.110996236031434421e+02
-1.112888904235917380e+02
-1.114783183221850891e+02
-1.116679072989234953e+02
-1.118576573538069567e+02
-1.120475684868355017e+02
-1.400869448453481141e+02
-1.403243803450860128e+02
-1.405620168909709946e+02
-1.407998544830030880e+02
-1.410378931211822930e+02
-1.412761328055086096e+02
-1.415145735359820378e+02
-1.417532153126026060e+02
-1.419920581353702573e+02
-1.727560054616439800e+02
-1.730465958829419719e+02
-1.733374304978712814e+02
-1.736285093064319369e+02
-1.739198323086239384e+02
-1.742113995044472858e+02
-1.745032108939019508e+02
-1.747952664769879902e+02
-1.750875662537053756e+02
-1.955119086023646844e+02
-1.958383057786624590e+02
-1.961649751794608960e+02
-1.964919168047599953e+02
-1.968191306545597570e+02
-1.971466167288602094e+02
-1.974743750276612957e+02
-1.978024055509630728e+02
-1.981307082987654837e+02
-2.194230165437865310e+02
-2.197866006639916350e+02
-2.201504857644287085e+02
-2.205146718450977517e+02
-2.208791589059987359e+02
-2.212439469471316613e+02
-2.216090359684965847e+02
-2.219744259700934492e+02
-2.223401169519222549e+02
-2.372941565183525938e+02
-2.376844429599946125e+02
-2.380750500971515748e+02
-2.384659779298233957e+02
-2.388572264580101603e+02
-2.392487956817118118e+02
-2.396406856009283501e+02
-2.400328962156598323e+02
-2.404254275259062013e+02
-2.553087934122503100e+02
-2.557256240953723534e+02
-2.561427947708949659e+02
-2.565603054388182045e+02
-2.569781560991420406e+02
-2.573963467518664174e+02
-2.578148773969913918e+02
-2.582337480345169638e+02
-2.586529586644431333e+02
-2.615754858696004135e+02
-2.619994331724685139e+02
-2.624237237525049409e+02
-2.628483576097095806e+02
-2.632733347440826037e+02
-2.636986551556239533e+02
-2.641243188443335725e+02
-2.645503258102115751e+02
-2.649766760532578473e+02
-2.571668685068726745e+02
-2.575806526878974410e+02
-2.579947694928619057e+02
-2.584092189217660689e+02
-2.588240009746099872e+02
-2.592391156513936608e+02
-2.596545629521170326e+02
-2.600703428767801597e+02
-2.604864554253830420e+02
-2.447891932798741266e+02
-2.451802303298419758e+02
-2.455715794604562632e+02
-2.459632406717169602e+02
-2.463552139636240668e+02
-2.467474993361776114e+02
-2.471400967893775942e+02
-2.475330063232239581e+02
-2.479262279377167602e+02
-2.154233534787530289e+02
-2.157650241424782678e+02
-2.161069655436549226e+02
-2.164491776822830502e+02
-2.167916605583625937e+02
-2.171344141718936100e+02
-2.174774385228760707e+02
-2.178207336113099473e+02
-2.181642994371953250e+02
-1.775625014300435112e+02
-1.778421274165474983e+02
-1.781219734077615726e+02
-1.784020394036857340e+02
-1.786823254043199540e+02
-1.789628314096642612e+02
-1.792435574197186270e+02
-1.795245034344830799e+02
-1.798056694539575915e+02
-1.133321532549708053e+02
-1.135093731975118061e+02
-1.136867315931329188e+02
-1.138642284418341433e+02
-1.140418637436154796e+02
-1.142196374984769278e+02
-1.143975497064184736e+02
-1.145756003674401313e+02
-1.147537894815419008e+02
-4.884347072538320589e+01
-4.891931462402510533e+01
-4.899521736199876898e+01
-4.907117893930418973e+01
-4.914719935594137468e+01
-4.922327861191032383e+01
-4.929941670721103719e+01
-4.937561364184350765e+01
-4.945186941580774942e+01
1.757298779800559174e+01
1.760008569746280926e+01
1.762720447357600406e+01
1.765434412634517614e+01
1.768150465577032193e+01
1.770868606185144145e+01
1.773588834458854180e+01
1.776311150398161587e+01
1.779035554003066721e+01
8.918599119491709359e+01
8.932257004820179702e+01
8.945925339946148824e+01
8.959604124869613884e+01
8.973293359590574880e+01
8.986993044109034656e+01
9.000703178424990369e+01
9.014423762538443441e+01
9.028154796449392450e+01
1.559088545310671634e+02
1.561459782641942695e+02
1.563832821825289159e+02
1.566207662860710741e+02
1.568584305748208010e+02
1.570962750487780681e+02
1.573342997079429040e+02
1.575725045523152801e+02
1.578108895818951680e+02
2.110011279452933479e+02
2.113198607669629610e+02
2.116388341417055585e+02
2.119580480695211122e+02
2.122775025504095936e+02
2.125971975843710595e+02
2.129171331714054531e+02
2.132373093115128597e+02
2.135577260046931656e+02
2.644665939031760900e+02
2.648633929938034726e+02
2.652604895350236234e+02
2.656578835268363719e+02
2.660555749692418317e+02
2.664535638622399460e+02
2.668518502058307149e+02
2.672504340000141951e+02
2.676493152447903299e+02
2.969036422224307898e+02
2.973461215700052094e+02
2.977889303884266496e+02
2.982320686776951675e+02
2.986755364378106492e+02
2.991193336687732653e+02
2.995634603705828454e+02
3.000079165432395030e+02
3.004527021867431813e+02
3.200719894013265048e+02
3.205458191413728173e+02
3.210199993472032816e+02
3.214945300188177839e+02
3.219694111562163243e+02
3.224446427593989597e+02
3.229202248283656331e+02
3.233961573631163446e+02
3.238724403636510942e+02
3.304665063813499160e+02
3.309524865377930496e+02
3.314388237700308650e+02
3.319255180780631918e+02
3.324125694618901434e+02
3.328999779215116632e+02
3.333877434569278080e+02
3.338758660681385209e+02
3.343643457551438587e+02
3.236956807641444129e+02
3.241685743810387521e+02
3.246418131757556012e+02
3.251153971482949601e+02
3.255893262986568857e+02
3.260636006268414349e+02
3.265382201328484371e+02
3.270131848166780628e+02
3.274884946783301984e+02
3.124305626556262609e+02
3.128840177538201601e+02
3.133378016809468249e+02
3.137919144370061417e+02
3.142463560219981673e+02
3.147011264359229017e+02
3.151562256787803449e+02
3.156116537505705537e+02
3.160674106512933577e+02
2.861005353079506222e+02
2.865130811411272020e+02
2.869259241975265127e+02
2.873390644771485540e+02
2.877525019799933830e+02
2.881662367060609427e+02
2.885802686553512899e+02
2.889945978278643679e+02
2.894092242236001766e+02
2.557192733338820574e+02
2.560856333243317522e+02
2.564522555624481583e+02
2.568191400482313611e+02
2.571862867816813036e+02
2.575536957627979859e+02
2.579213669915814080e+02
2.582893004680316267e+02
2.586574961921485283e+02
2.011819166494231865e+02
2.014682966019490493e+02
2.017548802386517082e+02
2.020416675595310778e+02
2.023286585645872435e+02
2.026158532538201484e+02
2.029032516272298210e+02
2.031908536848162612e+02
2.034786594265794406e+02
1.596747955143894728e+02
1.599006438814536750e+02
1.601266518586712948e+02
1.603528194460422753e+02
1.605791466435667019e+02
1.608056334512445176e+02
1.610322798690757224e+02
1.612590858970603449e+02
1.614860515351983565e+02
1.085978294581893238e+02
1.087504616851157948e+02
1.089032010975949021e+02
1.090560476956266029e+02
1.092090014792109258e+02
1.093620624483478849e+02
1.095152306030374518e+02
1.096685059432796265e+02
1.098218884690744233e+02
4.460814069184678488e+01
4.467044256432143357e+01
4.473278791332955961e+01
4.479517673887116302e+01
4.485760904094624379e+01
4.492008481955480192e+01
4.498260407469684452e+01
4.504516680637235737e+01
4.510777301458135469e+01
-1.976411970874233504e+01
-1.979155082561775814e+01
-1.981900096545911438e+01
-1.984647012826640378e+01
-1.987395831403962632e+01
-1.990146552277877845e+01
-1.992899175448386728e+01
-1.995653700915489281e+01
-1.998410128679184439e+01
-7.928655934084171975e+01
-7.939592011234633162e+01
-7.950535625309387910e+01
-7.961486776308436220e+01
-7.972445464231779511e+01
-7.983411689079416362e+01
-7.994385450851346775e+01
-8.005366749547570748e+01
-8.016355585168089704e+01
-1.603122081069272440e+02
-1.605319643894590058e+02
-1.607518711899924995e+02
-1.609719285085277249e+02
-1.611921363450647107e+02
-1.614124946996034282e+02
-1.616330035721438492e+02
-1.618536629626860304e+02
-1.620744728712299718e+02
-2.371700500344693978e+02
-2.374931699936444147e+02
-2.378165099119475201e+02
-2.381400697893787424e+02
-2.384638496259380815e+02
-2.387878494216254808e+02
-2.391120691764409969e+02
-2.394365088903846299e+02
-2.397611685634563230e+02
-3.071575036280740392e+02
-3.075734244183625492e+02
-3.079896266164929557e+02
-3.084061102224652018e+02
-3.088228752362794012e+02
-3.092399216579353833e+02
-3.096572494874332619e+02
-3.100748587247730370e+02
-3.104927493699546517e+02
-3.936750761741591873e+02
-3.942049214987542882e+02
-3.947351231416577662e+02
-3.952656811028696779e+02
-3.957965953823900236e+02
-3.963278659802186894e+02
-3.968594928963558459e+02
-3.973914761308013226e+02
-3.979238156835552331e+02
-4.566789743573684177e+02
-4.572899161290839061e+02
-4.579012662843367139e+02
-4.585130248231267274e+02
-4.591251917454540035e+02
-4.597377670513185421e+02
-4.603507507407202866e+02
-4.609641428136592936e+02
-4.615779432701355063e+02
-5.582631301371909558e+02
-5.590055013208840364e+02
-5.597483657744666061e+02
-5.604917234979386649e+02
-5.612355744913002127e+02
-5.619799187545512495e+02
-5.627247562876917755e+02
-5.634700870907219041e+02
-5.642159111636414082e+02
-5.649622285064505149e+02
-5.657090391191489971e+02
-5.664563430017370820e+02
-5.672041401542145422e+02
-5.679524305765816052e+02
-5.687012142688381573e+02
-5.694504912309841984e+02
-5.702002614630197286e+02
-6.606831878871507797e+02
-6.615519363261870467e+02
-6.624212555592043827e+02
-6.632911455862026742e+02
-6.641616064071820347e+02
-6.650326380221422369e+02
-6.659042404310835082e+02
-6.667764136340056211e+02
-6.676491576309088032e+02
-6.685224724217929406e+02
-6.693963580066580334e+02
-6.702708143855040817e+02
-6.711458415583310853e+02
-6.720214395251390442e+02
-6.728976082859280723e+02
-6.737743478406979420e+02
-6.746516581894488809e+02
-7.086968190272738184e+02
-7.096184013667110548e+02
-7.105405825250824137e+02
-7.114633625023876675e+02
-7.123867412986270438e+02
-7.133107189138003150e+02
-7.142352953479075950e+02
-7.151604706009488837e+02
-7.160862446729242947e+02
-7.170126175638337145e+02
-7.179395892736770293e+02
-7.188671598024543528e+02
-7.197953291501656850e+02
-7.207240973168110258e+02
-7.216534643023903755e+02
-7.225834301069038474e+02
-7.235139947303512145e+02
-6.983050331079407442e+02
-6.992031746296229358e+02
-7.001018933630799665e+02
-7.010011893083119503e+02
-7.019010624653187733e+02
-7.028015128341004356e+02
-7.037025404146569372e+02
-7.046041452069883917e+02
-7.055063272110946855e+02
-7.064090864269758185e+02
-7.073124228546317909e+02
-7.082163364940626025e+02
-7.091208273452683670e+02
-7.100258954082488572e+02
-7.109315406830043003e+02
-7.118377631695345826e+02
-7.127445628678397043e+02
-6.044142585533994634e+02
-6.051832334370551507e+02
-6.059526971795053214e+02
-6.067226497807499754e+02
-6.074930912407889991e+02
-6.082640215596225062e+02
-6.090354407372503829e+02
-6.098073487736727429e+02
-6.105797456688895863e+02
-6.113526314229007994e+02
-6.121260060357064958e+02
-6.128998695073066756e+02
-6.136742218377012250e+02
-6.144490630268902578e+02
-6.152243930748736602e+02
-6.160002119816516597e+02
-6.167765197472239151e+02
-4.157129269844531336e+02
-4.162361654073411046e+02
-4.167597329109980819e+02
-4.172836294954242362e+02
-4.178078551606194537e+02
-4.183324099065838482e+02
-4.188572937333173627e+02
-4.193825066408199405e+02
-4.199080486290916383e+02
-4.204339196981324562e+02
-4.209601198479423942e+02
-4.214866490785213955e+02
-4.220135073898695737e+02
-4.225406947819868719e+02
-4.230682112548732334e+02
-4.235960568085286582e+02
-4.241242314429532598e+02
-1.546371084636623152e+02
-1.548296826958711279e+02
-1.550223767626985989e+02
-1.552151906641447283e+02
-1.554081244002095445e+02
-1.556011779708930476e+02
-1.557943513761952090e+02
-1.559876446161160573e+02
-1.561810576906555639e+02
-1.563745905998137289e+02
-1.565682433435906091e+02
-1.567620159219861193e+02
-1.569559083350003448e+02
-1.571499205826332286e+02
-1.573440526648847992e+02
-1.575383045817550283e+02
-1.577326763332439157e+02
1.053611237467327584e+02
1.054909587729148086e+02
1.056208737467730714e+02
1.057508686683075751e+02
1.058809435375182773e+02
1.060110983544052061e+02
1.061413331189683618e+02
1.062716478312077300e+02
1.064020424911233249e+02
1.065325170987151466e+02
1.066630716539831667e+02
1.067937061569274277e+02
1.069244206075479013e+02
1.070552150058445875e+02
1.071860893518175146e+02
1.073170436454666543e+02
1.074480778867919923e+02
3.198318716038582465e+02
3.202219104716678544e+02
3.206121870231262960e+02
3.210027012582336283e+02
3.213934531769899081e+02
3.217844427793949649e+02
3.221756700654489691e+02
3.225671350351518072e+02
3.229588376885035359e+02
3.233507780255041553e+02
3.237429560461536653e+02
3.241353717504520091e+02
3.245280251383992436e+02
3.249209162099953687e+02
3.253140449652403845e+02
3.257074114041342341e+02
3.261010155266770312e+02
4.771234856639849227e+02
4.776993739991254984e+02
4.782756096734308358e+02
4.788521926869009349e+02
4.794291230395357388e+02
4.800064007313353045e+02
4.805840257622996319e+02
4.811619981324286641e+02
4.817403178417224581e+02
4.823189848901809569e+02
4.828979992778042174e+02
4.834773610045922396e+02
4.840570700705449667e+02
4.846371264756624555e+02
4.852175302199447060e+02
4.857982813033916614e+02
4.863793797260033784e+02
5.465703833030854639e+02
5.472233945137223827e+02
5.478767955817985467e+02
5.485305865073137284e+02
5.491847672902682689e+02
5.498393379306618272e+02
5.504942984284947443e+02
5.511496487837666791e+02
5.518053889964779728e+02
5.524615190666282842e+02
5.531180389942179545e+02
5.537749487792466425e+02
5.544322484217145757e+02
5.550899379216217540e+02
5.557480172789680637e+02
5.564064864937536186e+02
5.570653455659783049e+02
5.458326277805930431e+02
5.464782015567972167e+02
5.471241568777863904e+02
5.477704937435604506e+02
5.484172121541196248e+02
5.490643121094636854e+02
5.497117936095927462e+02
5.503596566545068072e+02
5.510079012442058684e+02
5.516565273786899297e+02
5.523055350579589913e+02
5.529549242820130530e+02
5.536046950508521149e+02
5.542548473644760634e+02
5.549053812228851257e+02
5.555562966260790745e+02
5.562075935740580235e+02
4.746793515555295357e+02
4.752351821779599277e+02
4.757913380377351587e+02
4.763478191348552855e+02
4.769046254693203650e+02
4.774617570411303404e+02
4.780192138502851549e+02
4.785769958967849220e+02
4.791351031806295850e+02
4.796935357018190871e+02
4.802522934603535987e+02
4.808113764562328925e+02
4.813707846894571389e+02
4.819305181600262245e+02
4.824905768679403195e+02
4.830509608131992536e+02
4.836116699958030836e+02
3.534852172988975667e+02
3.538950552319977305e+02
3.543051306146535921e+02
3.547154434468650948e+02
3.551259937286323520e+02
3.555367814599552503e+02
3.559478066408337895e+02
3.563590692712680266e+02
3.567705693512579614e+02
3.571823068808035373e+02
3.575942818599048110e+02
3.580064942885617256e+02
3.584189441667743949e+02
3.588316314945427052e+02
3.592445562718667134e+02
3.596577184987463056e+02
3.600711181751816525e+02
2.135741537256890297e+02
2.138193594130893587e+02
2.140647057807463796e+02
2.143101928286600923e+02
2.145558205568304402e+02
2.148015889652575368e+02
2.150474980539412684e+02
2.152935478228817203e+02
2.155397382720788357e+02
2.157860694015326430e+02
2.160325412112431422e+02
2.162791537012103049e+02
2.165259068714341595e+02
2.167728007219147059e+02
2.170198352526519159e+02
2.172670104636458177e+02
2.175143263548964114e+02
5.275867151407563682e+01
5.281865863347766066e+01
5.287867983647024772e+01
5.293873512305340512e+01
5.299882449322713285e+01
5.305894794699143091e+01
5.311910548434629220e+01
5.317929710529173093e+01
5.323952280982773289e+01
5.329978259795430517e+01
5.336007646967144780e+01
5.342040442497916075e+01
5.348076646387744404e+01
5.354116258636629766e+01
5.360159279244571451e+01
5.366205708211570169e+01
5.372255545537626631e+01
-6.935500933246001409e+01
-6.943311182044702434e+01
-6.951125826031245936e+01
-6.958944865205634756e+01
-6.966768299567867473e+01
-6.974596129117944088e+01
-6.982428353855863179e+01
-6.990264973781627589e+01
-6.998105988895235896e+01
-7.005951399196688101e+01
-7.013801204685984203e+01
-7.021655405363124203e+01
-7.029514001228108100e+01
-7.037376992280935895e+01
-7.045244378521607587e+01
-7.053116159950123176e+01
-7.060992336566482663e+01
-1.933647154112493638e+02
-1.935804038835430276e+02
-1.937962125835246638e+02
-1.940121415111943293e+02
-1.942281906665519955e+02
-1.944443600495976909e+02
-1.946606496603313872e+02
-1.948770594987531126e+02
-1.950935895648628389e+02
-1.953102398586605659e+02
-1.955270103801463506e+02
-1.957439011293201077e+02
-1.959609121061818655e+02
-1.961780433107316526e+02
-1.963952947429694404e+02
-1.966126664028952575e+02
-1.968301582905090754e+02
-2.686286287842681304e+02
-2.689254559983943977e+02
-2.692224471149028204e+02
-2.695196021337934553e+02
-2.698169210550662456e+02
-2.701144038787212480e+02
-2.704120506047584058e+02
-2.707098612331777190e+02
-2.710078357639792443e+02
-2.713059741971629251e+02
-2.716042765327288180e+02
-2.719027427706768663e+02
-2.722013729110071267e+02
-2.725001669537195426e+02
-2.727991248988141137e+02
-2.730982467462908971e+02
-2.733975324961498359e+02
-3.190680379326435059e+02
-3.194173187623453600e+02
-3.197667906647111522e+02
-3.201164536397408824e+02
-3.204663076874346075e+02
-3.208163528077922706e+02
-3.211665890008138717e+02
-3.215170162664994109e+02
-3.218676346048489449e+02
-3.222184440158624170e+02
-3.225694444995398271e+02
-3.229206360558811753e+02
-3.232720186848864614e+02
-3.236235923865557425e+02
-3.239753571608889615e+02
-3.243273130078861186e+02
-3.246794599275472706e+02
-2.813908610472354894e+02
-2.816960572088918866e+02
-2.820014187885221304e+02
-2.823069457861261640e+02
-2.826126382017039873e+02
-2.829184960352556573e+02
-2.832245192867810601e+02
-2.835307079562802528e+02
-2.838370620437532921e+02
-2.841435815492001211e+02
-2.844502664726207399e+02
-2.847571168140151485e+02
-2.850641325733833469e+02
-2.853713137507253350e+02
-2.856786603460411698e+02
-2.859861723593307943e+02
-2.862938497905941517e+02
-2.339366217292505894e+02
-2.341880313173529942e+02
-2.344395759267164010e+02
-2.346912555573408952e+02
-2.349430702092264767e+02
-2.351950198823730886e+02
-2.354471045767807880e+02
-2.356993242924495178e+02
-2.359516790293793349e+02
-2.362041687875702394e+02
-2.364567935670221743e+02
-2.367095533677351966e+02
-2.369624481897092494e+02
-2.372154780329443895e+02
-2.374686428974406169e+02
-2.377219427831978749e+02
-2.379753776902162201e+02
-1.382729981007561264e+02
-1.384202536897878133e+02
-1.385675876479461692e+02
-1.387149999752312226e+02
-1.388624906716429450e+02
-1.390100597371813649e+02
-1.391577071718464538e+02
-1.393054329756382117e+02
-1.394532371485566671e+02
-1.396011196906017915e+02
-1.397490806017736134e+02
-1.398971198820721042e+02
-1.400452375314972642e+02
-1.401934335500491215e+02
-1.403417079377276480e+02
-1.404900606945328434e+02
-1.406384918204647363e+02
-7.358713592210686549e+00
-7.366480044550750783e+00
-7.374250593120951436e+00
-7.382025237921290284e+00
-7.389803978951765551e+00
-7.397586816212378125e+00
-7.405373749703128006e+00
-7.413164779424016082e+00
-7.420959905375039689e+00
-7.428759127556201491e+00
-7.436562445967499713e+00
-7.444369860608934353e+00
-7.452181371480508076e+00
-7.459996978582218219e+00
-7.467816681914064780e+00
-7.475640481476049537e+00
-7.483468377268170713e+00
1.237501320931544910e+02
1.238795778380218024e+02
1.240090912492481863e+02
1.241386723268335999e+02
1.242683210707780859e+02
1.243980374810816159e+02
1.245278215577441898e+02
1.246576733007658220e+02
1.247875927101464981e+02
1.249175797858862325e+02
1.250476345279850250e+02
1.251777569364428615e+02
1.253079470112597420e+02
1.254382047524356949e+02
1.255685301599707060e+02
1.256989232338647469e+02
1.258293839741178459e+02
2.180929230944539654e+02
2.183190432842874884e+02
2.185452806348411912e+02
2.187716351461149316e+02
2.189981068181088801e+02
2.192246956508228948e+02
2.194514016442570323e+02
2.196782247984112928e+02
2.199051651132857046e+02
2.201322225888802109e+02
2.203593972251948401e+02
2.205866890222296206e+02
2.208140979799844956e+02
2.210416240984594651e+02
2.212692673776546144e+02
2.214970278175698297e+02
2.217249054182051964e+02
2.937863093153032423e+02
2.940882479682480835e+02
2.943903417001106391e+02
2.946925905108910797e+02
2.949949944005892917e+02
2.952975533692052750e+02
2.956002674167390296e+02
2.959031365431906124e+02
2.962061607485600234e+02
2.965093400328471489e+02
2.968126743960521026e+02
2.971161638381748276e+02
2.974198083592154376e+02
2.977236079591737621e+02
2.980275626380498579e+02
2.983316723958438388e+02
2.986359372325555341e+02
3.493879144505175418e+02
3.497438878732893386e+02
3.501000425452580771e+02
3.504563784664237005e+02
3.508128956367863225e+02
3.511695940563458294e+02
3.515264737251022780e+02
3.518835346430556683e+02
3.522407768102059435e+02
3.525982002265532174e+02
3.529558048920973761e+02
3.533135908068384765e+02
3.536715579707765187e+02
3.540297063839114458e+02
3.543880360462433714e+02
3.547465469577721819e+02
3.551052391184979342e+02
3.482574236895475792e+02
3.486091988649915834e+02
3.489611516149814747e+02
3.493132819395173101e+02
3.496655898385989758e+02
3.500180753122265855e+02
3.503707383604001393e+02
3.507235789831195802e+02
3.510765971803849084e+02
3.514297929521961805e+02
3.517831662985533399e+02
3.521367172194563864e+02
3.524904457149053769e+02
3.528443517849002546e+02
3.531984354294410764e+02
3.535526966485277853e+02
3.539071354421603814e+02
2.865702323946364345e+02
2.868572331281313268e+02
2.871443775056369532e+02
2.874316655271533705e+02
2.877190971926805219e+02
2.880066725022184073e+02
2.882943914557670837e+02
2.885822540533265510e+02
2.888702602948966955e+02
2.891584101804776310e+02
2.894467037100693574e+02
2.897351408836718178e+02
2.900237217012850124e+02
2.903124461629089978e+02
2.906013142685437174e+02
2.908903260181892279e+02
2.911794814118455292e+02
2.176557026889375663e+02
2.178718453927001804e+02
2.180880953633132719e+02
2.183044526007768695e+02
2.185209171050909731e+02
2.187374888762555827e+02
2.189541679142706982e+02
2.191709542191362914e+02
2.193878477908524189e+02
2.196048486294190525e+02
2.198219567348361636e+02
2.200391721071038091e+02
2.202564947462219322e+02
2.204739246521905613e+02
2.206914618250096964e+02
2.209091062646793375e+02
2.211268579711994562e+02
2.213447169445701093e+02
2.215626831847912399e+02
2.217807566918628766e+02
2.219989374657850192e+02
2.222172255065576962e+02
2.224356208141808509e+02
2.226541233886544831e+02
2.228727332299786497e+02
2.230914503381533223e+02
2.233102747131784724e+02
2.235292063550541286e+02
2.237482452637803192e+02
2.239673914393569873e+02
2.241866448817841615e+02
2.244060055910618132e+02
2.246254735671899994e+02
1.068543227985861961e+02
1.069587237001969413e+02
1.070631755788104016e+02
1.071676784344266196e+02
1.072722322670455668e+02
1.073768370766672717e+02
1.074814928632916917e+02
1.075861996269188694e+02
1.076909573675487763e+02
1.077957660851814410e+02
1.079006257798168207e+02
1.080055364514549581e+02
1.081104981000958247e+02
1.082155107257394349e+02
1.083205743283857743e+02
1.084256889080348714e+02
1.085308544646866977e+02
1.086360709983412676e+02
1.087413385089985809e+02
1.088466569966586235e+02
1.089520264613214238e+02
1.090574469029869391e+02
1.091629183216552121e+02
1.092684407173262144e+02
1.093740140899999602e+02
1.094796384396764353e+02
1.095853137663556680e+02
1.096910400700376300e+02
1.097968173507223355e+02
1.099026456084097703e+02
1.100085248430999627e+02
1.101144550547928844e+02
1.102204362434885354e+02
-1.818528187757265879e+00
-1.820276772553186317e+00
-1.822026197610902010e+00
-1.823776462930412956e+00
-1.825527568511719156e+00
-1.827279514354820611e+00
-1.829032300459717320e+00
-1.830785926826409282e+00
-1.832540393454896499e+00
-1.834295700345178970e+00
-1.836051847497256917e+00
-1.837808834911129674e+00
-1.839566662586797907e+00
-1.841325330524261394e+00
-1.843084838723520136e+00
-1.844845187184574131e+00
-1.846606375907423381e+00
-1.848368404892067884e+00
-1.850131274138507642e+00
-1.851894983646742654e+00
-1.853659533416772920e+00
-1.855424923448598218e+00
-1.857191153742219214e+00
-1.858958224297635242e+00
-1.860726135114846524e+00
-1.862494886193852839e+00
-1.864264477534654629e+00
-1.866034909137251674e+00
-1.867806181001643973e+00
-1.869578293127831525e+00
-1.871351245515814110e+00
-1.873125038165592171e+00
-1.874899671077165486e+00
-5.853437622664537088e+01
-5.858978027418597634e+01
-5.864521052988529703e+01
-5.870066699374334718e+01
-5.875614966576011966e+01
-5.881165854593561448e+01
-5.886719363426983165e+01
-5.892275493076276405e+01
-5.897834243541443300e+01
-5.903395614822481718e+01
-5.908959606919392371e+01
-5.914526219832175968e+01
-5.920095453560831089e+01
-5.925667308105359865e+01
-5.931241783465759454e+01
-5.936818879642031987e+01
-5.942398596634176755e+01
-5.947980934442193757e+01
-5.953565893066082992e+01
-5.959153472505845173e+01
-5.964743672761478877e+01
-5.970336493832985525e+01
-5.975931935720363697e+01
-5.981529998423614103e+01
-5.987130681942738164e+01
-5.992733986277733749e+01
-5.998339911428601567e+01
-6.003948457395340910e+01
-6.009559624177953907e+01
-6.015173411776439139e+01
-6.020789820190795893e+01
-6.026408849421024883e+01
-6.032030499467127527e+01
-5.962976318541331722e+01
-5.968533612407632916e+01
-5.974093494673499549e+01
-5.979655965338930912e+01
-5.985221024403927714e+01
-5.990788671868489246e+01
-5.996358907732616217e+01
-6.001931731996308628e+01
-6.007507144659565057e+01
-6.013085145722388347e+01
-6.018665735184774945e+01
-6.024248913046727694e+01
-6.029834679308245171e+01
-6.035423033969327378e+01
-6.041013977029975734e+01
-6.046607508490188820e+01
-6.052203628349966635e+01
-6.057802336609309890e+01
-6.063403633268217874e+01
-6.069007518326691297e+01
-6.074613991784730160e+01
-6.080223053642333753e+01
-6.085834703899502074e+01
-6.091448942556235835e+01
-6.097065769612535746e+01
-6.102685185068399676e+01
-6.108307188923829045e+01
-6.113931781178822433e+01
-6.119558961833381971e+01
-6.125188730887506949e+01
-6.130821088341196656e+01
-6.136456034194451092e+01
-6.142093568447270968e+01
-3.078249558771238625e+01
-3.081074936980299128e+01
-3.083901611234409401e+01
-3.086729581533569799e+01
-3.089558847877779968e+01
-3.092389410267040262e+01
-3.095221268701351036e+01
-3.098054423180711581e+01
-3.100888873705121895e+01
-3.103724620274582691e+01
-3.106561662889093256e+01
-3.109400001548653947e+01
-3.112239636253264763e+01
-3.115080567002924994e+01
-3.117922793797636061e+01
-3.120766316637396542e+01
-3.123611135522207505e+01
-3.126457250452068237e+01
-3.129304661426979095e+01
-3.132153368446939723e+01
-3.135003371511950476e+01
-3.137854670622011710e+01
-3.140707265777122359e+01
-3.143561156977283488e+01
-3.146416344222494388e+01
-3.149272827512755413e+01
-3.152130606848066563e+01
-3.154989682228427483e+01
-3.157850053653838529e+01
-3.160711721124299700e+01
-3.163574684639810997e+01
-3.166438944200372063e+01
-3.169304499805983255e+01
2.554217183366642985e+01
2.556526602158113803e+01
2.558837064518853310e+01
2.561148570448861150e+01
2.563461119948138034e+01
2.565774713016682895e+01
2.568089349654496800e+01
2.570405029861579393e+01
2.572721753637930320e+01
2.575039520983550290e+01
2.577358331898438593e+01
2.579678186382595584e+01
2.581999084436021263e+01
2.584321026058715631e+01
2.586644011250678332e+01
2.588968040011910077e+01
2.591293112342410154e+01
2.593619228242178920e+01
2.595946387711216019e+01
2.598274590749522517e+01
2.600603837357096992e+01
2.602934127533940512e+01
2.605265461280052008e+01
2.607597838595432549e+01
2.609931259480081778e+01
2.612265723933999695e+01
2.614601231957185945e+01
2.616937783549641239e+01
2.619275378711364866e+01
2.621614017442357181e+01
2.623953699742617829e+01
2.626294425612147521e+01
2.628636195050945545e+01
6.383600422151546638e+01
6.389287371302683738e+01
6.394976852488171915e+01
6.400668865708009037e+01
6.406363410962197236e+01
6.412060488250736512e+01
6.417760097573626865e+01
6.423462238930866874e+01
6.429166912322457961e+01
6.434874117748397282e+01
6.440583855208689101e+01
6.446296124703331998e+01
6.452010926232323129e+01
6.457728259795666759e+01
6.463448125393360044e+01
6.469170523025402986e+01
6.474895452691797004e+01
6.480622914392542100e+01
6.486352908127638273e+01
6.492085433897082680e+01
6.497820491700878165e+01
6.503558081539026148e+01
6.509298203411522366e+01
6.515040857318369660e+01
6.520786043259568032e+01
6.526533761235116060e+01
6.532284011245013744e+01
6.538036793289263926e+01
6.543792107367863764e+01
6.549549953480814679e+01
6.555310331628113829e+01
6.561073241809765477e+01
6.566838684025766781e+01
8.568412050862602314e+01
8.575934800687767279e+01
8.583460851412371539e+01
8.590990203036417938e+01
8.598522855559905054e+01
8.606058808982831465e+01
8.613598063305200014e+01
8.621140618527007859e+01
8.628686474648256421e+01
8.636235631668947121e+01
8.643788089589077117e+01
8.651343848408647830e+01
8.658902908127659259e+01
8.666465268746111406e+01
8.674030930264004269e+01
8.681599892681336428e+01
8.689172155998110725e+01
8.696747720214325739e+01
8.704326585329981469e+01
8.711908751345076496e+01
8.719494218259613660e+01
8.727082986073591542e+01
8.734675054787007298e+01
8.742270424399866613e+01
8.749869094912165224e+01
8.757471066323904552e+01
8.765076338635084596e+01
8.772684911845705358e+01
8.780296785955766836e+01
8.787911960965269031e+01
8.795530436874211944e+01
8.803152213682594152e+01
8.810777291390418497e+01
7.695435814531732888e+01
7.702095646478538526e+01
7.708758358975491376e+01
7.715423952022595699e+01
7.722092425619848655e+01
7.728763779767253084e+01
7.735438014464807566e+01
7.742115129712510679e+01
7.748795125510363846e+01
7.755478001858367065e+01
7.762163758756521759e+01
7.768852396204825084e+01
7.775543914203278462e+01
7.782238312751883313e+01
7.788935591850636797e+01
7.795635751499540333e+01
7.802338791698593923e+01
7.809044712447797565e+01
7.815753513747151260e+01
7.822465195596656429e+01
7.829179757996308808e+01
7.835897200946112662e+01
7.842617524446066568e+01
7.849340728496170527e+01
7.856066813096424539e+01
7.862795778246828604e+01
7.869527623947382722e+01
7.876262350198085471e+01
7.882999956998939695e+01
7.889740444349943971e+01
7.896483812251096879e+01
7.903230060702401261e+01
7.909979189703855695e+01
6.511909563921138044e+01
6.517465800750422034e+01
6.523024406977074818e+01
6.528585382601096399e+01
6.534148727622485353e+01
6.539714442041244524e+01
6.545282525857371070e+01
6.550852979070867832e+01
6.556425801681731969e+01
6.562000993689963479e+01
6.567578555095565207e+01
6.573158485898535730e+01
6.578740786098873627e+01
6.584325455696580320e+01
6.589912494691655809e+01
6.595501903084100093e+01
6.601093680873913172e+01
6.606687828061093626e+01
6.612284344645644296e+01
6.617883230627562341e+01
6.623484486006849181e+01
6.629088110783504817e+01
6.634694104957529248e+01
6.640302468528922475e+01
6.645913201497683076e+01
6.651526303863812473e+01
6.657141775627310665e+01
6.662759616788177652e+01
6.668379827346413435e+01
6.674002407302018014e+01
6.679627356654989967e+01
6.685254675405332137e+01
6.690884363553041680e+01
3.795954867360670448e+01
3.799148771329841878e+01
3.802344018404131276e+01
3.805540608583537932e+01
3.808738541868061844e+01
3.811937818257703725e+01
3.815138437752462153e+01
3.818340400352337838e+01
3.821543706057332201e+01
3.824748354867443112e+01
3.827954346782671280e+01
3.831161681803017416e+01
3.834370359928480099e+01
3.837580381159060749e+01
3.840791745494758658e+01
3.844004452935573823e+01
3.847218503481506957e+01
3.850433897132557348e+01
3.853650633888724286e+01
3.856868713750009903e+01
3.860088136716411356e+01
3.863308902787931487e+01
3.866531011964568876e+01
3.869754464246323522e+01
3.872979259633195426e+01
3.876205398125184587e+01
3.879432879722291716e+01
3.882661704424515392e+01
3.885891872231857036e+01
3.889123383144315937e+01
3.892356237161892096e+01
3.895590434284586223e+01
3.898825974512396897e+01
3.089957319892673127e+01
3.092521599826194034e+01
3.095086943334967344e+01
3.097653350418993057e+01
3.100220821078271172e+01
3.102789355312801689e+01
3.105358953122584609e+01
3.107929614507619576e+01
3.110501339467907300e+01
3.113074128003447427e+01
3.115647980114239957e+01
3.118222895800284533e+01
3.120798875061581867e+01
3.123375917898131249e+01
3.125954024309933743e+01
3.128533194296987929e+01
3.131113427859294518e+01
3.133694724996853864e+01
3.136277085709665613e+01
3.138860509997729409e+01
3.141444997861045962e+01
3.144030549299614563e+01
3.146617164313435921e+01
3.149204842902509327e+01
3.151793585066835135e+01
3.154383390806413701e+01
3.156974260121244313e+01
3.159566193011327684e+01
3.162159189476663101e+01
3.164753249517250921e+01
3.167348373133091144e+01
3.169944560324183769e+01
3.172541811090528796e+01
1.597212702375274418e+01
1.598520285430841525e+01
1.599828403504025509e+01
1.601137056594826191e+01
1.602446244703244105e+01
1.603755967829278362e+01
1.605066225972930027e+01
1.606377019134198036e+01
1.607688347313083099e+01
1.609000210509584861e+01
1.610312608723704031e+01
1.611625541955439544e+01
1.612939010204791757e+01
1.614253013471761022e+01
1.615567551756347342e+01
1.616882625058550360e+01
1.618198233378370077e+01
1.619514376715806847e+01
1.620831055070860316e+01
1.622148268443530483e+01
1.623466016833817704e+01
1.624784300241721624e+01
1.626103118667242597e+01
1.627422472110380269e+01
1.628742360571134995e+01
1.630062784049506419e+01
1.631383742545494542e+01
1.632705236059099718e+01
1.634027264590321593e+01
1.635349828139160522e+01
1.636672926705616149e+01
1.637996560289688475e+01
1.639320728891377854e+01
1.295592452914194936e+01
1.296638973473899448e+01
1.297685916528783423e+01
1.298733282078847218e+01
1.299781070124090121e+01
1.300829280664512844e+01
1.301877913700115030e+01
1.302926969230896681e+01
1.303976447256857973e+01
1.305026347777998730e+01
1.306076670794319128e+01
1.307127416305818990e+01
1.308178584312498316e+01
1.309230174814357284e+01
1.310282187811395715e+01
1.311334623303613789e+01
1.312387481291011149e+01
1.313440761773588328e+01
1.314494464751344971e+01
1.315548590224281078e+01
1.316603138192396827e+01
1.317658108655691862e+01
1.318713501614166717e+01
1.319769317067820857e+01
1.320825555016654818e+01
1.321882215460667886e+01
1.322939298399860952e+01
1.323996803834233305e+01
1.325054731763785121e+01
1.326113082188516579e+01
1.327171855108427501e+01
1.328231050523518064e+01
1.329290668433788269e+01
