-1.323584205114088641e-01
-1.931268001522155331e-01
-2.439646570266956749e-01
-2.837227672790691435e-01
-3.412911566872368629e-01
-3.806801437433125490e-01
-4.320322795774176883e-01
-4.793299582161976713e-01
-5.260327558789119617e-01
-5.672514788933612495e-01
-6.077177120638523888e-01
-6.415377675980499239e-01
-6.486877401295538803e-01
-6.510268069706359739e-01
-1.160423796717435563e+00
-1.130269167244002837e+00
-9.854464860926531733e-01
-9.089636414016353250e-01
-7.243609358053918479e-01
-5.576507278196757289e-01
-5.250681583397954766e-01
-5.246441819656751937e-01
-8.015874891086717247e-01
-1.098170797322138625e+00
-1.356013813105255927e+00
-1.844973384124096283e+00
-2.275552147546701320e+00
-2.941557603731265402e+00
-3.483649025105462371e+00
-3.996854481942354820e+00
-4.760101003644477302e+00
-5.312873149971029996e+00
-6.130934300978423401e+00
-6.787582331376573741e+00
-7.636108817663273207e+00
-8.206405227637830535e+00
-9.005205006593559602e+00
-1.019883193023028767e+01
-1.089595657160448994e+01
-1.075051493795614199e+01
-1.044368786671175364e+01
-1.248793308949729308e+01
-1.339765034155568735e+01
-1.627862041939452808e+01
-1.967780932983782805e+01
-2.171254224731169202e+01
-2.242768524645263284e+01
-2.396840222905759532e+01
-2.494804812802999194e+01
-2.882718304691362121e+01
-3.414026913937627228e+01
-3.431845702457147240e+01
-3.201321846006261040e+01
-2.664887020497780767e+01
-2.665859759520525785e+01
-3.148744858135303915e+01
-2.266934824548538074e+01
-7.576880651519272369e+00
-2.894270151974149829e+00
-1.033786685651162607e+01
-1.569486415609151919e+01
-1.008341580764375855e+01
-7.940880954843448913e-01
-5.181700645654683690e+00
-9.606189426940138887e+00
-1.725701994543105400e+01
-2.722133529591947010e+01
-2.069784843936197305e+01
-1.347372289714012616e+01
-1.491074654653471221e+01
-4.965925803089463386e+01
-7.184394460354744183e+01
-5.793446234810701156e+01
-2.962217634941704603e+01
-5.893626427266946166e+01
-1.259759372606621213e+02
-1.299774225691755589e+02
-9.133712731277174157e+01
-7.532995193610570084e+01
-1.316086257526541772e+02
-1.824937406773149746e+02
-1.576517016743703721e+02
-9.979201756388806643e+01
-8.933305391521420802e+01
-1.311901065639770536e+02
-1.373229411772034325e+02
-1.037749100356438561e+02
-5.388416288339119831e+01
-1.426327667902184793e+01
-1.358705177570512745e+01
-4.613128113132900410e+01
-3.698790422123237676e+01
3.698907341726638265e+01
8.265733500111863918e+01
4.570591474473052784e+01
4.416853216715507457e+00
5.960635641522351591e+00
5.318347042734455243e+01
7.558957724272111989e+01
6.786713690444837255e+01
2.797352219466530343e+01
-4.359869788994029705e+01
-4.413531465418260780e+01
5.663975076466378056e+01
1.125232439875120036e+02
-5.184013619553389418e+01
-2.468370855669931530e+02
-1.508445970106761251e+02
1.153753595411155004e+02
7.309795191192891650e+01
-3.546669623751550944e+02
-4.612221521966422415e+02
-1.485767978183322100e+02
1.469525768272755499e+02
-5.222399042455246132e+01
-3.362096671253700606e+02
-2.696886572631132140e+02
5.458775766965302267e+01
3.164113677017406303e+02
3.819309040657366836e+02
2.322343286705739729e+02
1.712520845771208542e+02
5.019216393224469357e+02
9.578559617598285740e+02
1.047809369568028615e+03
7.727260610929546374e+02
6.522244780132982669e+02
9.986263699012705501e+02
1.391610655574626662e+03
1.291953364249768583e+03
9.486731382069981464e+02
9.240873655202547070e+02
1.124236431024571857e+03
1.250818737049175525e+03
1.154114476699742227e+03
9.497317150414042999e+02
6.515469491799512980e+02
6.158099355773103980e+02
8.535470416194523295e+02
9.363980300190735306e+02
3.356537359634618838e+02
-3.637002611858850400e+02
-1.641423681622642334e+02
4.192263925103716247e+02
2.647335650982819288e+02
-5.530740146065428462e+02
-9.362540763236446537e+02
-4.315591292808136359e+02
1.504506873390041051e+02
3.376315321505850875e+01
-3.058387955662042827e+02
-2.371710914321031112e+02
2.279818280465414091e+02
8.574279730618920894e+02
1.260091759486754427e+03
1.231657237357424719e+03
1.128537278641403873e+03
1.445964623910909040e+03
2.335061771597381721e+03
2.713059934106488527e+03
2.389460307135163930e+03
2.235966246490604590e+03
2.640984087769295002e+03
3.393877070458698654e+03
3.359663712744604254e+03
2.969773814582761588e+03
2.763689192726549209e+03
2.931557828860201425e+03
3.068625932854065468e+03
2.931454246814479120e+03
3.966557591407017298e+03
2.151902177128622498e+03
1.202920214807211323e+03
-2.227682494442998177e+03
-2.316333469279666133e+03
-3.757094500209957459e+03
-4.426973018250189853e+03
-2.867151319926168981e+03
-2.088269443627796136e+03
-6.058026726001995144e+01
2.637843772939713745e+03
3.706221960757563920e+03
5.827466311573239182e+03
6.559832435279092351e+03
6.593095629829452264e+03
6.737425539523694169e+03
5.346296321543407430e+03
4.410232061064752088e+03
2.590144836345917156e+03
3.060002666300459850e+02
-1.870610869407960081e+03
-3.478155510498771946e+03
-5.164812672565477442e+03
-5.610377543425175645e+03
-5.809356557825489290e+03
-5.330453287038255439e+03
-4.362977314507063966e+03
-3.355321739278681889e+03
-2.130813811491375418e+03
-5.079988451770362872e+02
8.463168811480745717e+02
1.353052897391060924e+03
-5.761222201180788005e+01
-2.594875531468060672e+03
-4.967398883691148512e+03
-5.868936978236121831e+03
-6.085283155696300128e+03
-5.805219983948219124e+03
-4.885646216323106273e+03
-3.763955996259705898e+03
-2.804984731224233201e+03
-2.319952741274636537e+03
-2.386748245217491785e+03
-2.781314180432274497e+03
-2.856196699606744914e+03
-7.743114238293186125e-01
-1.879739874365963681e+00
-2.250304805430072275e+00
-3.071423667125252166e+00
-5.091417713757215857e+00
-7.552831057779532564e+00
-9.296101722255459165e+00
-1.019237073443050434e+01
-1.104423863408151263e+01
-1.266068361845128187e+01
-1.411467187653112454e+01
-1.708263177268794664e+01
-1.618495881428833627e+01
-1.391181697067669987e+01
-2.435510916772824785e+01
-2.154942099813261791e+01
-6.896660563510419450e+00
9.205709964227292375e+00
3.103228173434059300e+01
5.688233757385759759e+01
7.900963473886554311e+01
1.049512057292856184e+02
1.210887236847354274e+02
1.454735641150446384e+02
1.588112135386550960e+02
1.652994746157920645e+02
1.766913679026289117e+02
1.682909337284399669e+02
1.649525379176663193e+02
1.527057019088465779e+02
1.446382327621719526e+02
1.474754539846067303e+02
1.321321221664533141e+02
1.358837240711903007e+02
1.315545675946220570e+02
1.118624657484063789e+02
1.228539044874557646e+02
1.371684262882936309e+02
1.395540516348383164e+02
1.346635166848170115e+02
1.116079622676825238e+02
1.204943648313882534e+02
1.075789812196839819e+02
1.196925406429953540e+02
1.203230086476547456e+02
1.348336316442368741e+02
1.344247589360165023e+02
8.386539064960442147e+01
3.304891087552434925e+01
-4.945232790786317167e+01
-3.252607989812572953e+01
-1.798041209822750019e+01
-8.539855823917272915e+01
-2.139660511060561703e+02
-2.659758442436030919e+02
-2.357700917838056398e+02
-1.097208723100268770e+02
-8.930442964567403408e+01
-1.378641509460625798e+02
-1.820708843975718025e+02
-6.387796015416547135e+01
2.763639373167303575e+02
5.438855711150484922e+02
4.556311060363880756e+02
2.082945623261003050e+02
3.294931390296763425e+02
9.528134754091436207e+02
1.037671959995721863e+03
7.764200213578023977e+02
5.452249156953589591e+02
9.358019705410210918e+02
1.258595164453874304e+03
1.294546377598232539e+03
1.080142567386085830e+03
9.327742888039132367e+02
9.150242852869176886e+02
1.115600397472924669e+03
1.202868834599692491e+03
1.002266311923063199e+03
3.063177422717909053e+02
1.365610091921277842e+02
5.281563945247670517e+02
9.485113044245116498e+02
3.602227387520209163e+02
-4.715495248039894136e+02
-2.096051857824751892e+02
6.682386100819005605e+02
9.300453931675176591e+02
2.749223438632447483e+02
7.347596399799540734e+01
3.502125514848265198e+02
9.308585056081590210e+02
1.303097957208846765e+03
1.147178804888936156e+03
8.211423906160454180e+02
6.663237723726783770e+02
1.415637185289894660e+03
2.249691038725281942e+03
1.886758972416803772e+03
9.394879402492515510e+02
7.698868392991942073e+02
2.078274629320284930e+03
2.542013731670312154e+03
1.751347870841178974e+03
6.893884437366276643e+02
1.091774163556286567e+03
2.138208281137922768e+03
2.125325321955840991e+03
1.350781918192727289e+03
5.426302570896380075e+02
2.260087608706668334e+02
5.151799871373146971e+02
9.954847738616394963e+02
7.402534946930467186e+02
-8.922417254137636746e+02
-1.762721839602087357e+03
-8.229395069497628583e+02
2.743729401248814952e+02
-4.011252648998574273e+02
-1.754516090648412955e+03
-1.639216316544183428e+03
-4.374734357127981639e+02
3.539678632039195918e+02
8.537272438439951827e+01
-4.157514304724163026e+02
-8.746387091696091431e+01
5.334337951487693772e+02
1.427913976956726401e+03
1.893666033490118707e+03
1.299786827695707416e+03
1.122435932696281043e+03
1.820065140271472728e+03
2.883378559050046533e+03
3.044582184151240654e+03
1.965961412135745149e+03
1.839612297928745875e+03
2.860889870168130074e+03
3.734307371221822450e+03
3.112759650013851115e+03
2.126058292937655096e+03
2.115813247304170545e+03
2.735027642610565636e+03
2.681304907098552576e+03
2.103786175848974835e+03
1.209887455941463259e+03
4.827567537452529223e+02
1.979712214865667761e+02
7.890672925976357419e+02
5.043975196298171113e+02
-6.004439937529499502e+02
-1.494700049053477187e+03
-9.403853808351958605e+02
-1.919391696559864613e+02
-3.230585787137655984e+02
-9.687641393768539047e+02
-1.157159537742542170e+03
-2.660885592758481835e+02
1.498197925237179788e+02
4.084942339620919256e+02
2.440922151051279059e+02
3.395195884538557607e+02
6.431599084695363899e+02
1.366999362733921544e+03
1.651046536482034981e+03
1.575194937222082444e+03
1.370750724119193592e+03
1.616406777765509787e+03
2.096301394387554410e+03
2.396397653518761672e+03
1.953632487576381209e+03
3.808496337271565153e+03
4.650951717450886463e+03
3.506019414907643295e+03
3.177428725998585833e+03
2.138161421200004952e+03
6.892539240775112148e+02
-3.160922467525289221e+02
-1.144242007766997403e+03
-2.271180938335149222e+03
-1.899791308126171316e+03
-2.301676765122444976e+03
-1.480643979658981152e+03
-1.055709178386209487e+03
-7.189429017345458988e+02
3.639667505888175469e+01
7.417647420948092076e+02
1.012693868471656174e+03
1.163172166979219810e+03
1.365903491778638681e+03
1.194643956318606570e+03
1.415079685170990160e+03
1.030330228164906430e+03
7.633059463637137014e+02
1.425875452716376515e+02
-1.229195630306180931e+01
-3.669483413302943404e+02
-6.177906634143389510e+02
-7.863429879632653865e+02
-6.383694741614002623e+02
-3.427825404990691993e+01
-7.741859456618902868e+01
-1.496923509932470608e+02
-2.290502246818766707e+02
-3.460961981675853849e+02
-4.410295190889159471e+02
-5.961178317155635114e+02
-7.443444725527159562e+02
-8.364475716752241397e+02
-9.650997377431881432e+02
-1.077487377198961667e+03
-1.178513665005701341e+03
-1.275658992548251035e+03
-1.329460216003878259e+03
-2.617859027845325727e+03
-2.925122001760633793e+03
-2.944312133880506735e+03
-3.005838487645285113e+03
-2.856870596325494716e+03
-2.726985404065646890e+03
-2.618431067423970944e+03
-2.437672487344092133e+03
-2.258722403754574316e+03
-2.002057539648569445e+03
-1.704909652285555239e+03
-1.612409720026748573e+03
-1.238516455024504012e+03
-9.993987977328529269e+02
-9.511721439601724342e+02
-7.826554444829662316e+02
-7.105436211542205456e+02
-8.576855810512087146e+02
-7.501553229160780347e+02
-7.852126017440668875e+02
-9.302956852673972890e+02
-7.647133220143174412e+02
-1.035922635264623750e+03
-1.232135670510139335e+03
-1.240810580739932448e+03
-1.270532090117034841e+03
-1.039505283637452749e+03
-1.059651032057877046e+03
-9.282313160552585032e+02
-1.051786932990674359e+03
-1.011121690354468797e+03
-1.063642340191217500e+03
-1.040833114727353632e+03
-9.997049932153730651e+02
-9.627740358661251321e+02
-9.536463792002559785e+02
-9.580647579379010494e+02
-1.068975481363482459e+03
-1.281249356554073756e+03
-1.677572440780271108e+03
-1.595974310665061012e+03
-1.281866616023743290e+03
-1.050721852199472778e+03
-2.202143525161664002e+03
-2.829416174679470259e+03
-2.012001823181939017e+03
-6.042688185424797211e+02
-1.612798115262450665e+03
-3.742541071637385812e+03
-3.617692803515305059e+03
-1.989095071877435885e+03
-1.206327430994930182e+03
-2.408560164023258949e+03
-3.180016769813989868e+03
-3.233706949776016245e+03
-2.176058915016323681e+03
-1.619087424501183705e+03
-1.353260488935752392e+03
-2.140595152420769409e+03
-2.204210058866003692e+03
-1.506933098196132732e+03
4.712015824109860773e+01
-4.424404022209994736e+01
-9.602058494555908510e+02
-1.351741571234908179e+03
-8.342381498031667206e+02
-1.390498257679346068e+02
-2.542478505139089862e+02
-3.836856424401667027e+02
-1.606803117632148542e+03
-2.273711075668729336e+03
-1.277406712402376570e+03
1.165894277437582929e+02
-4.833804309279495328e+02
-3.297967188246956994e+03
-2.885498562799049068e+03
-5.306313263493282193e+02
3.324923663715690054e+02
-1.582658581154589001e+03
-3.447410937901051057e+03
-1.465521175280228817e+03
6.584503727624819476e+02
5.871946436743114646e+02
-1.525550264262460132e+03
-1.684760531696780845e+03
-9.528334398426582652e+01
9.611387709263819943e+02
5.208304586626412629e+02
1.818860263094998402e+02
-2.703988227075932400e+02
4.324353147500021350e+02
1.805357527802908862e+03
1.796496362368206746e+03
1.056583210678666546e+03
2.567971748020693781e+02
8.757153153514725545e+02
2.319160098759425182e+03
2.197408547645898580e+03
9.872401378645705563e+02
5.745834544944817708e+02
5.567670446313184129e+02
7.744540718617963648e+02
7.177798357118501826e+02
2.133071807301163858e+02
-2.441320183001851944e+02
-4.783434859222117552e+02
-4.460394035780956870e+02
2.256556728114384498e+02
-3.286522712442737060e+01
-8.660615713021784359e+02
-1.140763471220746624e+03
-4.466286146351250750e+02
1.607160735611431903e+02
-1.751458325653956365e+02
-8.276917925509853831e+02
-4.686132639486283438e+02
2.623147714352779758e+02
2.545685842074699679e+02
2.092618413399332056e+01
-4.607751179411389586e+01
3.136976790283349033e+02
6.565020581617187645e+02
7.161175451191456887e+02
4.800114712900668223e+02
5.676822530657028665e+02
5.832349698061818799e+02
9.885827353852030228e+02
1.284981628724016218e+03
1.174141248607289299e+03
7.420111186335500406e+02
7.762907700358670127e+02
1.040338989868135741e+03
1.131935542569577137e+03
9.371900781394219848e+02
6.907870299529522526e+02
5.855895620105335411e+02
5.885287936770760098e+02
5.230362241047935186e+02
3.642827631251823277e+02
2.473339970671722767e+02
5.278703965385721375e+01
7.831695590228430603e+01
1.504488753190656496e+02
7.440594374106134978e+01
-3.794149031476777623e+01
-6.981144798680249153e+01
-5.555633049412358559e+01
9.127949986394463622e+01
-7.214332764882765758e+00
1.052979056130137003e+01
-3.354400854756368489e+01
1.591810332909833789e+02
8.879820341752468948e+01
7.996785157138256750e+01
8.772588595205213835e+01
1.042745618952044424e+02
3.341291982722761986e+02
4.045895054727538422e+02
5.593347241640723269e+02
5.994682988124509393e+02
5.835585780239746327e+02
7.424154138416666910e+02
6.018434186060948150e+02
3.662824669225455523e+02
3.657012457750291219e+02
2.675346704543886176e+02
1.960921830881804624e+02
7.223698019454089625e+00
-3.591549928519049928e+01
-8.825630701102627995e+01
1.504737699877038715e+01
-2.121037865090304919e+01
1.169200208487670167e+01
1.272702304961599111e+02
3.742342796989113651e+01
1.169399279613806044e+02
1.492313596869431933e+02
1.502487888868899972e+02
3.852979510608553682e+01
1.253240519154466028e+02
3.069671955093999927e+01
6.606111882190543838e+01
9.556753659280826696e+01
8.104028445998519459e+00
4.242102460053553159e+01
