-1.728702186356724090e-04
-3.457404372713448180e-04
-5.762340621189081203e-04
-8.643510931783621263e-04
-1.210091530449707107e-03
-1.613455373932942520e-03
-2.074442623628069016e-03
-2.593053279535086596e-03
-3.169287341653994391e-03
-3.803144809984793269e-03
-4.494625684527482797e-03
-5.243729965282063407e-03
-6.050457652248535101e-03
-6.914808745426897010e-03
-1.641400672870731506e-02
-1.846575756979573074e-02
-2.063819963683052178e-02
-2.293133292981169163e-02
-2.534515744873924031e-02
-2.787967319361316434e-02
-3.053488016443346373e-02
-3.331077836120013846e-02
-3.620736778391319549e-02
-3.922464843257263134e-02
-4.236262030717843907e-02
-4.562128340773063256e-02
-4.900063773422919794e-02
-5.250068328667413520e-02
-2.934312951524042229e-02
-3.129933814958978100e-02
-3.331865028827299402e-02
-3.540106593129005441e-02
-3.754658507864096911e-02
-4.286289499003951425e-02
-4.531220327518462737e-02
-4.782954790158377295e-02
-5.041492886923695099e-02
-5.306834617814415456e-02
-5.407119988052396659e-02
-5.677475987455016943e-02
-5.954426035623553576e-02
-6.237970132558007946e-02
-6.528108278258380748e-02
-6.198667337838967284e-02
-6.474163663965143423e-02
-6.755649040659279791e-02
-7.043123467921376391e-02
-7.336586945751434607e-02
-7.420906923218210938e-02
-7.717743200146939819e-02
-8.020399796231134082e-02
-8.328876711470792338e-02
-8.643173945865917362e-02
-8.001703288741038311e-02
-8.292674317422529806e-02
-8.588841257330477597e-02
-8.890204108464880295e-02
-9.196762870825737901e-02
-8.513660675488275709e-02
-8.797449364671218464e-02
-9.085890327447324055e-02
-9.378983563816593871e-02
-9.676729073779025136e-02
-9.089322644842677545e-02
-9.368994110837836065e-02
-9.652903023287469353e-02
-9.941049382191571859e-02
-1.023343318755014775e-01
-9.476067195531459597e-02
-9.746811972546642888e-02
-1.002137005628035149e-01
-1.029974144673258263e-01
-1.058192614390333908e-01
-9.724965423221428040e-02
-9.984297834507332992e-02
-1.024704251436279051e-01
-1.051319946278779643e-01
-1.078276867978235631e-01
-1.000746769248405943e-01
-1.025765438479616098e-01
-1.051092980170470759e-01
-1.076729394320970201e-01
-1.102674680931113871e-01
-9.896512536782919867e-02
-1.012937165529546046e-01
-1.036493843797674924e-01
-1.060321288482679036e-01
-1.084419499584558105e-01
-9.659323305880181121e-02
-9.873974934899740208e-02
-1.009098537302940413e-01
-1.031035462026917426e-01
-1.053208267661904923e-01
-9.858216900513340486e-02
-1.006575830894519963e-01
-1.027546160704822520e-01
-1.048732679482241581e-01
-1.070135387226777007e-01
-9.097177356077218446e-02
-9.279120903198763426e-02
-9.462865871578936272e-02
-9.648412261217741148e-02
-9.835760072115172503e-02
-1.002490930427123311e-01
-1.021585995768592298e-01
-1.040861203235924209e-01
-1.060316552829119047e-01
-8.293573116843479254e-02
-8.445748770363543934e-02
-8.599307838915608293e-02
-8.754250322499673720e-02
-8.910576221115738826e-02
-9.068285534763805000e-02
-9.227378263443872242e-02
-9.387854407155939163e-02
-9.549713965900007151e-02
-7.659325952618445399e-02
-7.789145036561130608e-02
-7.920055037175603718e-02
-8.052055954461863341e-02
-8.185147788419910864e-02
-8.319330539049746287e-02
-8.454604206351368223e-02
-8.590968790324776672e-02
-8.728424290969973021e-02
-7.504744954212745622e-02
-7.622929914121608086e-02
-7.742038194029757237e-02
-7.862069793937195850e-02
-7.983024713843922537e-02
-8.104902953749935912e-02
-8.227704513655238749e-02
-8.351429393559828274e-02
-8.476077593463707260e-02
-6.698330597392344876e-02
-6.796835459118702460e-02
-6.896059334434304078e-02
-6.996002223339148340e-02
-7.096664125833236636e-02
-7.198045041916568965e-02
-7.300144971589145326e-02
-7.402963914850962945e-02
-7.506501871702025985e-02
-6.589642801879301570e-02
-6.680534426732809283e-02
-6.772048596962025602e-02
-6.864185312566951913e-02
-6.956944573547585442e-02
-7.050326379903928964e-02
-7.144330731635982479e-02
-7.238957628743743211e-02
-7.334207071227213937e-02
-5.994395135550471126e-02
-6.072244423025152660e-02
-6.150595963967412511e-02
-6.229449758377252067e-02
-6.308805806254669246e-02
-6.388664107599664743e-02
-6.469024662412238558e-02
-6.549887470692392077e-02
-6.631252532440122527e-02
-6.288318002414505781e-02
-6.365475278517751523e-02
-6.443103025816747376e-02
-6.521201244311497502e-02
-6.599769934001996352e-02
-6.678809094888248088e-02
-6.758318726970249934e-02
-6.838298830248006055e-02
-6.918749404721510898e-02
-6.850159554935486561e-02
-6.929812573016130850e-02
-7.009926013166606351e-02
-7.090499875386913065e-02
-7.171534159677048215e-02
-7.253028866037015965e-02
-7.334983994466812152e-02
-7.417399544966439551e-02
-7.500275517535896774e-02
-7.448601488869138754e-02
-7.530906477696422407e-02
-7.613663691737042327e-02
-7.696873130990998513e-02
-7.780534795458290964e-02
-7.864648685138922457e-02
-7.949214800032888828e-02
-8.034233140140192853e-02
-8.119703705460833143e-02
-6.614520898036310714e-02
-6.684147433805114058e-02
-6.754138506410403697e-02
-6.824494115852178244e-02
-6.895214262130439087e-02
-6.966298945245186225e-02
-7.037748165196419659e-02
-7.109561921984136612e-02
-7.181740215608341249e-02
-7.416011678307000976e-02
-7.490544458993503296e-02
-7.565449903583439106e-02
-7.640728012076807019e-02
-7.716378784473605645e-02
-7.792402220773839150e-02
-7.868798320977503369e-02
-7.945567085084601078e-02
-8.022708513095130889e-02
-6.416282136551249016e-02
-6.477977157095010652e-02
-6.539967369124628782e-02
-6.602252772640100631e-02
-6.664833367641428974e-02
-6.727709154128611035e-02
-6.790880132101650979e-02
-6.854346301560544641e-02
-6.918107662505293409e-02
-6.908316037650769070e-02
-6.971987153205154442e-02
-7.035950338096944034e-02
-7.100205592326140625e-02
-7.164752915892741436e-02
-7.229592308796747857e-02
-7.294723771038159887e-02
-7.360147302616978915e-02
-7.425862903533200776e-02
-5.114115195256890151e-02
-5.159372851852083580e-02
-5.204829881383819801e-02
-5.250486283852098812e-02
-5.296342059256920615e-02
-5.342397207598285208e-02
-5.388651728876192593e-02
-5.435105623090642768e-02
-5.481758890241635040e-02
-4.590561229556319733e-02
-4.629629835765309426e-02
-4.668863986915863101e-02
-4.708263683007980066e-02
-4.747828924041661014e-02
-4.787559710016904557e-02
-4.827456040933712084e-02
-4.867517916792082899e-02
-4.907745337592017698e-02
-5.508767416013634483e-02
-5.553921247292434304e-02
-5.599259379923393620e-02
-5.644781813906510348e-02
-5.690488549241785182e-02
-5.736379585929219510e-02
-5.782454923968811250e-02
-5.828714563360561790e-02
-5.875158504104471130e-02
-5.971094992116891126e-02
-6.018297324070384646e-02
-6.065685491976451071e-02
-6.113259495835089707e-02
-6.161019335646301248e-02
-6.208965011410085694e-02
-6.257096523126443044e-02
-6.305413870795373299e-02
-6.353917054416875765e-02
-7.920472538511234839e-02
-7.980934160942618205e-02
-8.041625675474500801e-02
-8.102547082106885401e-02
-8.163698380839766455e-02
-8.225079571673148127e-02
-8.286690654607029027e-02
-8.348531629641410545e-02
-8.410602496776289905e-02
-9.028110153495939871e-02
-9.094738272709931848e-02
-9.161611348244562414e-02
-9.228729380099834345e-02
-9.296092368275746254e-02
-9.363700312772296752e-02
-9.431553213589487228e-02
-9.499651070727317681e-02
-9.567993884185786724e-02
-1.343759739453462831e-01
-1.353358023306701630e-01
-1.362990464753724429e-01
-1.372657063794530952e-01
-1.382357820429121475e-01
-1.392092734657495445e-01
-1.401861806479653139e-01
-1.411665035895595111e-01
-1.421502422905320251e-01
-1.920620582859548786e-01
-1.933912074782452029e-01
-1.947249399436124240e-01
-1.960632556820564865e-01
-1.974061546935774181e-01
-1.987536369781752188e-01
-2.001057025358498886e-01
-2.014623513666013999e-01
-2.028235834704298080e-01
-2.117054496480015036e-01
-2.131262915919478196e-01
-2.145518855156397786e-01
-2.159822314190773807e-01
-2.174173293022605979e-01
-2.188571791651894860e-01
-2.203017810078640171e-01
-2.217511348302841911e-01
-2.232052406324499527e-01
-1.927081367456738581e-01
-1.939635643466228743e-01
-1.952230680112113370e-01
-1.964866477394392186e-01
-1.977543035313066022e-01
-1.990260353868133769e-01
-2.003018433059596259e-01
-2.015817272887452938e-01
-2.028656873351704359e-01
-9.067293441408730281e-02
-9.124681374582202520e-02
-9.182250342245182329e-02
-9.240000344397668319e-02
-9.297931381039659104e-02
-9.356043452171157460e-02
-9.414336557792160609e-02
-9.472810697902671329e-02
-9.531465872502688230e-02
1.813935880902884865e-02
1.825098563246902589e-02
1.836295486947803896e-02
1.847526652005588785e-02
1.858792058420256910e-02
1.870091706191808617e-02
1.881425595320243907e-02
1.892793725805562433e-02
1.904196097647764888e-02
-2.108009786655414344e-02
-2.120632599749159436e-02
-2.133293092881990288e-02
-2.145991266053906901e-02
-2.158727119264909275e-02
-2.171500652514997409e-02
-2.184311865804171651e-02
-2.197160759132431307e-02
-2.210047332499777070e-02
-1.047277587095925000e-01
-1.053384161947796133e-01
-1.059508488470748411e-01
-1.065650566664781834e-01
-1.071810396529896126e-01
-1.077987978066091562e-01
-1.084183311273367867e-01
-1.090396396151725317e-01
-1.096627232701163773e-01
-3.014151025391206273e-01
-3.031276883490020002e-01
-3.048451256767583661e-01
-3.065674145223897806e-01
-3.082945548858962437e-01
-3.100265467672776998e-01
-3.117633901665341489e-01
-3.135050850836655911e-01
-3.152516315186720819e-01
-6.638580293263188770e-01
-6.675359131453012518e-01
-6.712239568643362242e-01
-6.749221604834234611e-01
-6.786305240025630736e-01
-6.823490474217551727e-01
-6.860777307409997583e-01
-6.898165739602968305e-01
-6.935655770796461672e-01
-1.251311483176335004e+00
-1.258075329031342227e+00
-1.264857406276794105e+00
-1.271657714912691084e+00
-1.278476254939032497e+00
-1.285313026355818566e+00
-1.292168029163049736e+00
-1.299041263360725562e+00
-1.305932728948846044e+00
-1.655302330360383989e+00
-1.664037435006085142e+00
-1.672795526769275121e+00
-1.681576605649953704e+00
-1.690380671648121114e+00
-1.699207724763777128e+00
-1.708057764996921746e+00
-1.716930792347554968e+00
-1.725826806815677017e+00
-2.073586441185841789e+00
-2.084275031088861585e+00
-2.094991098086747439e+00
-2.105734642179500238e+00
-2.116505663367119094e+00
-2.127304161649604453e+00
-2.138130137026956312e+00
-2.148983589499174229e+00
-2.159864519066258648e+00
-2.305428474499140457e+00
-2.317042723740949661e+00
-2.328686154513517348e+00
-2.340358766816843072e+00
-2.352060560650927723e+00
-2.363791536015769967e+00
-2.375551692911370694e+00
-2.387341031337729902e+00
-2.399159551294847592e+00
-2.591636166292014654e+00
-2.604402846914143144e+00
-2.617200895301927677e+00
-2.630030311455368697e+00
-2.642891095374465760e+00
-2.655783247059219310e+00
-2.668706766509628903e+00
-2.681661653725694983e+00
-2.694647908707417550e+00
-3.059310545463533426e+00
-3.074054210742876325e+00
-3.088833317525293776e+00
-3.103647865810786666e+00
-3.118497855599354995e+00
-3.133383286890998765e+00
-3.148304159685717973e+00
-3.163260473983512178e+00
-3.178252229784381822e+00
-4.056238655665566739e+00
-4.075371856871536913e+00
-4.094550077374461416e+00
-4.113773317174341138e+00
-4.133041576271176964e+00
-4.152354854664967121e+00
-4.171713152355712495e+00
-4.191116469343413975e+00
-4.210564805628070673e+00
-4.146521388006662256e+00
-4.165673911738794644e+00
-4.184870565709941204e+00
-4.204111349920101937e+00
-4.223396264369276842e+00
-4.242725309057465921e+00
-4.262098483984669173e+00
-4.281515789150885709e+00
-4.300977224556117307e+00
-3.430290303826622367e+00
-3.445811979409548531e+00
-3.461368692634873234e+00
-3.476960443502598253e+00
-3.492587232012721810e+00
-3.508249058165245238e+00
-3.523945921960168093e+00
-3.539677823397490375e+00
-3.555444762477212084e+00
-1.831621691848766220e+00
-1.839744182721709809e+00
-1.847884643707204066e+00
-1.856043074805249216e+00
-1.864219476015844812e+00
-1.872413847338991522e+00
-1.880626188774688679e+00
-1.888856500322936949e+00
-1.897104781983735666e+00
-1.644263214533218553e+00
-1.651412185031188917e+00
-1.658576663057354628e+00
-1.665756648611715462e+00
-1.672952141694271422e+00
-1.680163142305022728e+00
-1.687389650443968936e+00
-1.694631666111110491e+00
-1.701889189306447170e+00
-2.054371582691640885e+00
-2.063132229099707615e+00
-2.071911515180982821e+00
-2.080709440935466947e+00
-2.089526006363159993e+00
-2.098361211464061071e+00
-2.107215056238171069e+00
-2.116087540685489987e+00
-2.124978664806016937e+00
-1.455699476042354279e+00
-1.461790268829142425e+00
-1.467893777258491461e+00
-1.474010001330402053e+00
-1.480138941044873535e+00
-1.486280596401906129e+00
-1.492434967401499835e+00
-1.498602054043655096e+00
-1.504781856328371026e+00
8.753429234537266623e-01
8.789377609217091658e-01
8.825399648599129288e-01
8.861495352683378401e-01
8.897664721469842330e-01
8.933907754958517744e-01
8.970224453149405752e-01
9.006614816042506355e-01
9.043078843637819553e-01
1.671310529334322226e+00
1.678049684694541188e+00
1.684802399723493105e+00
1.691568674421177754e+00
1.698348508787595357e+00
1.705141902822745692e+00
1.711948856526628759e+00
1.718769369899245003e+00
1.725603442940593757e+00
7.242698542290086916e-01
7.271382496913018079e-01
7.300123139193306354e-01
7.328920469130952853e-01
7.357774486725956464e-01
7.386685191978317189e-01
7.415652584888036136e-01
7.444676665455112197e-01
7.473757433679547590e-01
-8.492157450285507947e-01
-8.525200864488953201e-01
-8.558308440661726024e-01
-8.591480178803825307e-01
-8.624716078915252160e-01
-8.658016140996006582e-01
-8.691380365046087464e-01
-8.724808751065494805e-01
-8.758301299054230826e-01
-7.161490160822002737e-01
-7.188876356465681017e-01
-7.216314815841504693e-01
-7.243805538949471545e-01
-7.271348525789584905e-01
-7.298943776361841440e-01
-7.326591290666242262e-01
-7.354291068702787371e-01
-7.382043110471476766e-01
9.187668457042492687e-01
9.222208564023856026e-01
9.256813474207811199e-01
9.291483187594357096e-01
9.326217704183494828e-01
9.361017023975224394e-01
9.395881146969545794e-01
9.430810073166457919e-01
9.465803802565962988e-01
6.437872888016391570e-01
6.461672787787247074e-01
6.485516598812292033e-01
6.509404321091526446e-01
6.533335954624951425e-01
6.557311499412566969e-01
6.581330955454370857e-01
6.605394322750365310e-01
6.629501601300548108e-01
-2.738303329216408843e-01
-2.748260795868104900e-01
-2.758236334147117774e-01
-2.768229944053448022e-01
-2.778241625587095087e-01
-2.788271378748059526e-01
-2.798319203536340782e-01
-2.808385099951939412e-01
-2.818469067994854305e-01
-1.342089448246268635e+00
-1.346891199402784789e+00
-1.351701525114937574e+00
-1.356520425382726991e+00
-1.361347900206153261e+00
-1.366183949585215940e+00
-1.371028573519915250e+00
-1.375881772010251192e+00
-1.380743545056223764e+00
-2.117964422648574541e+00
-2.125422043855083931e+00
-2.132892771601498705e+00
-2.140376605887819750e+00
-2.147873546714046622e+00
-2.155383594080179765e+00
-2.162906747986219180e+00
-2.170443008432163978e+00
-2.177992375418015047e+00
-1.070110484118586891e+00
-1.073819705900627142e+00
-1.077535345021390478e+00
-1.081257401480877123e+00
-1.084985875279087075e+00
-1.088720766416020336e+00
-1.092462074891676682e+00
-1.096209800706056336e+00
-1.099963943859159299e+00
-2.258366155119276297e-01
-2.266073889437089650e-01
-2.273794754477761193e-01
-2.281528750241290926e-01
-2.289275876727679127e-01
-2.297036133936925517e-01
-2.304809521869030098e-01
-2.312596040523993146e-01
-2.320395689901814384e-01
-1.575652746393891190e+00
-1.580949058146476016e+00
-1.586254256328175627e+00
-1.591568340938990245e+00
-1.596891311978919870e+00
-1.602223169447964723e+00
-1.607563913346124362e+00
-1.612913543673399452e+00
-1.618272060429789549e+00
-6.312472278293514982e+00
-6.333374504380579140e+00
-6.354311279601671636e+00
-6.375282603956792471e+00
-6.396288477445942533e+00
-6.417328900069119157e+00
-6.438403871826325009e+00
-6.459513392717559199e+00
-6.480657462742820840e+00
-1.010436239503968103e+01
-1.013732931965644823e+01
-1.017034993633285467e+01
-1.020342424506889678e+01
-1.023655224586457457e+01
-1.026973393871988804e+01
-1.030296932363484075e+01
-1.033625840060942735e+01
-1.036960116964365142e+01
-8.807939056194234340e+00
-8.836260403641803762e+00
-8.864627210716095718e+00
-8.893039477417108429e+00
-8.921497203744843674e+00
-8.950000389699299674e+00
-8.978549035280478208e+00
-9.007143140488377497e+00
-9.035782705322999320e+00
-6.421255097012240398e+00
-6.441607728064577820e+00
-6.461992562647060012e+00
-6.482409600759688750e+00
-6.502858842402464923e+00
-6.523340287575385865e+00
-6.543853936278452466e+00
-6.564399788511665612e+00
-6.584977844275025305e+00
-1.217986930948773505e+01
-1.221793140107988584e+01
-1.225605287191008763e+01
-1.229423372197834219e+01
-1.233247395128465129e+01
-1.237077355982901494e+01
-1.240913254761142959e+01
-1.244755091463189878e+01
-1.248602866089042074e+01
-2.468633685542188871e+01
-2.476241185343551621e+01
-2.483860388990762402e+01
-2.491491296483821571e+01
-2.499133907822729128e+01
-2.506788223007484717e+01
-2.514454242038088694e+01
-2.522131964914540703e+01
-2.529821391636841099e+01
-2.729670172494163793e+01
-2.737967042319374045e+01
-2.746276502235366124e+01
-2.754598552242140030e+01
-2.762933192339695410e+01
-2.771280422528032972e+01
-2.779640242807152362e+01
-2.788012653177053579e+01
-2.796397653637736269e+01
-2.290622458822444329e+01
-2.297490891982331718e+01
-2.304369607227787853e+01
-2.311258604558812380e+01
-2.318157883975406008e+01
-2.325067445477568029e+01
-2.331987289065299152e+01
-2.338917414738598666e+01
-2.345857822497466927e+01
-2.096817696536220055e+01
-2.103021299188694115e+01
-2.109234065212885056e+01
-2.115455994608793588e+01
-2.121687087376418646e+01
-2.127927343515760938e+01
-2.134176763026820467e+01
-2.140435345909597231e+01
-2.146703092164090876e+01
-2.664006393673131257e+01
-2.671784514530571286e+01
-2.679573973756608041e+01
-2.687374771351241165e+01
-2.695186907314472080e+01
-2.703010381646299010e+01
-2.710845194346723019e+01
-2.718691345415743754e+01
-2.726548834853361569e+01
-3.365386987162428056e+01
-3.375085508739265094e+01
-3.384797985023406852e+01
-3.394524416014853330e+01
-3.404264801713605237e+01
-3.414019142119661154e+01
-3.423787437233021791e+01
-3.433569687053687858e+01
-3.443365891581658644e+01
-3.332068998919854863e+01
-3.341548569329300022e+01
-3.351041605037621451e+01
-3.360548106044820571e+01
-3.370068072350896671e+01
-3.379601503955849751e+01
-3.389148400859679100e+01
-3.398708763062386851e+01
-3.408282590563970871e+01
-2.813957702740581723e+01
-2.821862078310077493e+01
-2.829777539960316091e+01
-2.837704087691297516e+01
-2.845641721503021060e+01
-2.853590441395487787e+01
-2.861550247368696986e+01
-2.869521139422649014e+01
-2.877503117557343515e+01
-2.204354406080922146e+01
-2.210469120106111873e+01
-2.216592303264300412e+01
-2.222723955555488118e+01
-2.228864076979674635e+01
-2.235012667536859610e+01
-2.241169727227044106e+01
-2.247335256050227059e+01
-2.253509254006408824e+01
-2.062772676069620914e+01
-2.068424108058852795e+01
-2.074083271145197216e+01
-2.079750165328653821e+01
-2.085424790609223322e+01
-2.091107146986905363e+01
-2.096797234461699588e+01
-2.102495053033606354e+01
-2.108200602702625659e+01
-2.331157721650666304e+01
-2.337466673536053818e+01
-2.343784151032096830e+01
-2.350110154138796403e+01
-2.356444682856151829e+01
-2.362787737184162751e+01
-2.369139317122830235e+01
-2.375499422672152861e+01
-2.381868053832131693e+01
-2.522733725817509409e+01
-2.529479003159267592e+01
-2.536233286211762206e+01
-2.542996574974993251e+01
-2.549768869448961794e+01
-2.556550169633666059e+01
-2.563340475529107820e+01
-2.570139787135285658e+01
-2.576948104452200283e+01
-1.889595158745406422e+01
-1.894587484131787747e+01
-1.899586395699418162e+01
-1.904591893448296247e+01
-1.909603977378423423e+01
-1.914622647489799334e+01
-1.919647903782423271e+01
-1.924679746256295942e+01
-1.929718174911417350e+01
-7.616441811209083923e+00
-7.636328082256627958e+00
-7.656240280645823404e+00
-7.676178406376672037e+00
-7.696142459449172968e+00
-7.716132439863326198e+00
-7.736148347619133503e+00
-7.756190182716591330e+00
-7.776257945155704121e+00
-5.625503532764573933e+00
-5.640020961236224650e+00
-5.654557097734255855e+00
-5.669111942258668435e+00
-5.683685494809461503e+00
-5.698277755386636834e+00
-5.712888723990191764e+00
-5.727518400620128070e+00
-5.742166785276445751e+00
-1.146343290077143706e+01
-1.149267635204891569e+01
-1.152195705613056909e+01
-1.155127501301639725e+01
-1.158063022270640019e+01
-1.161002268520057967e+01
-1.163945240049893215e+01
-1.166891936860146295e+01
-1.169842358950816674e+01
-1.306765241300495184e+01
-1.310060992224330079e+01
-1.313360893967968224e+01
-1.316664946531409619e+01
-1.319973149914654265e+01
-1.323285504117702338e+01
-1.326602009140553839e+01
-1.329922664983208591e+01
-1.333247471645666415e+01
-2.792332339704597377e+00
-2.799295761998124910e+00
-2.806267856050423948e+00
-2.813248621861494936e+00
-2.820238059431336985e+00
-2.827236168759950985e+00
-2.834242949847336046e+00
-2.841258402693492613e+00
-2.848282527298421130e+00
6.055234940115903797e+00
6.070167701990419218e+00
6.085118853965765240e+00
6.100088396041940975e+00
6.115076328218949087e+00
6.130082650496786023e+00
6.145107362875454449e+00
6.160150465354954363e+00
6.175211957935283991e+00
2.379084270433495352e+00
2.384886914995528517e+00
2.390696627334128799e+00
2.396513407449297084e+00
2.402337255341032929e+00
2.408168171009336778e+00
2.414006154454207742e+00
2.419851205675646266e+00
2.425703324673652794e+00
-4.329962958654566485e+00
-4.340409190159161490e+00
-4.350868007484845812e+00
-4.361339410631620339e+00
-4.371823399599485072e+00
-4.382319974388439121e+00
-4.392829134998483376e+00
-4.403350881429616948e+00
-4.413885213681841613e+00
-4.594893867610880811e+00
-4.605860201423794820e+00
-4.616839605956389647e+00
-4.627832081208667070e+00
-4.638837627180625311e+00
-4.649856243872266148e+00
-4.660887931283587804e+00
-4.671932689414592055e+00
-4.682990518265278013e+00
3.634467778445371611e+00
3.643049756670744710e+00
3.651641855153458405e+00
3.660244073893514027e+00
3.668856412890910246e+00
3.677478872145648392e+00
3.686111451657726690e+00
3.694754151427147359e+00
3.703406971453908625e+00
7.956223126496807296e+00
7.974812432867126155e+00
7.993423430376734196e+00
8.012056119025631418e+00
8.030710498813816045e+00
8.049386569741290742e+00
8.068084331808053733e+00
8.086803785014105017e+00
8.105544929359444595e+00
6.275142552195312362e+00
6.289651552315994820e+00
6.304177306478387699e+00
6.318719814682490110e+00
6.333279076928302942e+00
6.347855093215824418e+00
6.362447863545056315e+00
6.377057387915997744e+00
6.391683666328648705e+00
-4.788842743176504602e-01
-4.799801193389723331e-01
-4.810772167546042422e-01
-4.821755665645462985e-01
-4.832751687687983910e-01
-4.843760233673605753e-01
-4.854781303602328513e-01
-4.865814897474152190e-01
-4.876861015289076229e-01
-8.312489931453578507e+00
-8.331317768217912700e+00
-8.350166903440126021e+00
-8.369037337120216691e+00
-8.387929069258184711e+00
-8.406842099854031858e+00
-8.425776428907758131e+00
-8.444732056419361754e+00
-8.463708982388842728e+00
-5.931909134206911460e+00
-5.945209378902442054e+00
-5.958524517489009575e+00
-5.971854549966614023e+00
-5.985199476335254509e+00
-5.998559296594931034e+00
-6.011934010745644485e+00
-6.025323618787394864e+00
-6.038728120720180392e+00
5.572599158346288384e+00
5.584968967798777051e+00
5.597352491008974695e+00
5.609749727976878653e+00
5.622160678702491587e+00
5.634585343185811723e+00
5.647023721426839948e+00
5.659475813425576263e+00
5.671941619182019778e+00
8.063700263806563129e+00
8.081422681968774668e+00
8.099164553937971078e+00
8.116925879714150582e+00
8.134706659297314957e+00
8.152506892687462425e+00
8.170326579884592988e+00
8.188165720888708421e+00
8.206024315699806948e+00
-1.861616460693122121e+01
-1.865667856690278015e+01
-1.869723656378735299e+01
-1.873783859758493620e+01
-1.877848466829553331e+01
-1.881917477591914079e+01
-1.885990892045576217e+01
-1.890068710190539747e+01
-1.894150932026804313e+01
-4.994783788009580405e+01
-5.005548408242360381e+01
-5.016324615795087993e+01
-5.027112410667766085e+01
-5.037911792860393234e+01
-5.048722762372968731e+01
-5.059545319205493996e+01
-5.070379463357968319e+01
-5.081225194830391700e+01
-3.450857963099070957e+01
-3.458223721825002883e+01
-3.465597333172178196e+01
-3.472978797140595475e+01
-3.480368113730256852e+01
-3.487765282941160194e+01
-3.495170304773307635e+01
-3.502583179226697041e+01
-3.510003906301329835e+01
-2.432578474016786174e+00
-2.437721346054877003e+00
-2.442869648792057369e+00
-2.448023382228327272e+00
-2.453182546363687155e+00
-2.458347141198137020e+00
-2.463517166731676866e+00
-2.468692622964306249e+00
-2.473873509896025613e+00
-1.454654984543315699e+01
-1.457701382416705016e+01
-1.460750966898748260e+01
-1.463803737989445608e+01
-1.466859695688797416e+01
-1.469918839996803150e+01
-1.472981170913463167e+01
-1.476046688438777288e+01
-1.479115392572745691e+01
-8.479305272174764241e+01
-8.496897191826577966e+01
-8.514507341446945077e+01
-8.532135721035861309e+01
-8.549782330593329505e+01
-8.567447170119349664e+01
-8.585130239613920367e+01
-8.602831539077041612e+01
-8.620551068508713399e+01
-1.056290850516403736e+02
-1.058462054731237032e+02
-1.060635488108508753e+02
-1.062811150648218330e+02
-1.064989042350366475e+02
-1.067169163214952619e+02
-1.069351513241977045e+02
-1.071536092431439613e+02
-1.073722900783340606e+02
-5.831673494523649737e+01
-5.843550629950378550e+01
-5.855439847915689455e+01
-5.867341148419583163e+01
-5.879254531462059674e+01
-5.891179997043118277e+01
-5.903117545162760393e+01
-5.915067175820984602e+01
-5.927028889017791613e+01
-1.112726177093857771e+01
-1.114971840417962312e+01
-1.117219767515579321e+01
-1.119469958386708264e+01
-1.121722413031349497e+01
-1.123977131449503020e+01
-1.126234113641168655e+01
-1.128493359606346580e+01
-1.130754869345036617e+01
-3.536548922558257146e+01
-3.543622020403373796e+01
-3.550702184280303442e+01
-3.557789414189046795e+01
-3.564883710129603145e+01
-3.571985072101973202e+01
-3.579093500106156256e+01
-3.586208994142152306e+01
-3.593331554209962064e+01
-7.255766581929952963e+01
-7.270148676244977537e+01
-7.284545010257345155e+01
-7.298955583967051552e+01
-7.313380397374102415e+01
-7.327819450478492058e+01
-7.342272743280224745e+01
-7.356740275779300475e+01
-7.371222047975716407e+01
-6.521445969119768904e+01
-6.534258240178942856e+01
-6.547083084615015025e+01
-6.559920502427986833e+01
-6.572770493617855436e+01
-6.585633058184622257e+01
-6.598508196128287295e+01
-6.611395907448850551e+01
-6.624296192146312023e+01
-1.807744551061589533e+01
-1.811264988356743544e+01
-1.814788850201795611e+01
-1.818316136596745736e+01
-1.821846847541593561e+01
-1.825380983036339799e+01
-1.828918543080983738e+01
-1.832459527675525734e+01
-1.836003936819965787e+01
3.348874493117099860e+01
3.355339501791070944e+01
3.361810744803204898e+01
3.368288222153499589e+01
3.374771933841957150e+01
3.381261879868575448e+01
3.387758060233357327e+01
3.394260474936299943e+01
3.400769123977405428e+01
5.758227518311038295e+01
5.769248049446562021e+01
5.780279116462712352e+01
5.791320719359489289e+01
5.802372858136892830e+01
5.813435532794922977e+01
5.824508743333579730e+01
5.835592489752863798e+01
5.846686772052773762e+01
4.017256757093090869e+01
4.024879635190041682e+01
4.032509738763861407e+01
4.040147067814550752e+01
4.047791622342109008e+01
4.055443402346536885e+01
4.063102407827832963e+01
4.070768638785998661e+01
4.078442095221033981e+01
1.689491747899510798e+01
1.692670471790196629e+01
1.695852183203336239e+01
1.699036882138929272e+01
1.702224568596976084e+01
1.705415242577476320e+01
1.708608904080430335e+01
1.711805553105838129e+01
1.715005189653699702e+01
5.907841107464739849e+01
5.918863199083143911e+01
5.929895562921137042e+01
5.940938198978717821e+01
5.951991107255888380e+01
5.963054287752645877e+01
5.974127740468992442e+01
5.985211465404927367e+01
5.996305462560451360e+01
1.337048379988501949e+02
1.339522105020858191e+02
1.341998116305554731e+02
1.344476413842591569e+02
1.346956997631969273e+02
1.349439867673687274e+02
1.351925023967745290e+02
1.354412466514144455e+02
1.356902195312883634e+02
1.560223567892525693e+02
1.563086363429943333e+02
1.565951782977935807e+02
1.568819826536503399e+02
1.571690494105646110e+02
1.574563785685364223e+02
1.577439701275656887e+02
1.580318240876524953e+02
1.583199404487968138e+02
1.062877417242998348e+02
1.064811680058727177e+02
1.066747701295197572e+02
1.068685480952409534e+02
1.070625019030363063e+02
1.072566315529058159e+02
1.074509370448494963e+02
1.076454183788673191e+02
1.078400755549592986e+02
8.027111605716621057e+01
8.041600976846072513e+01
8.056103413233532251e+01
8.070618914878997430e+01
8.085147481782469470e+01
8.099689113943949792e+01
8.114243811363435555e+01
8.128811574040928178e+01
8.143392401976427664e+01
1.329440595230308020e+02
1.331820972303235919e+02
1.334203478514869801e+02
1.336588113865209095e+02
1.338974878354254088e+02
1.341363771982004778e+02
1.343754794748461165e+02
1.346147946653622967e+02
1.348543227697490750e+02
1.927351171918772934e+02
1.930774531016319600e+02
1.934200927699578472e+02
1.937630361968549266e+02
1.941062833823232268e+02
1.944498343263627476e+02
1.947936890289734606e+02
1.951378474901553943e+02
1.954823097099085487e+02
1.757772031207180419e+02
1.760869426856884559e+02
1.763969549087266557e+02
1.767072397898325846e+02
1.770177973290062994e+02
1.773286275262477432e+02
1.776397303815569444e+02
1.779511058949339031e+02
1.782627540663786192e+02
1.209016178722098829e+02
1.211129843370214303e+02
1.213245354013655799e+02
1.215362710652423033e+02
1.217481913286516146e+02
1.219602961915935282e+02
1.221725856540680155e+02
1.223850597160750908e+02
1.225977183776147541e+02
1.110536752456456071e+02
1.112463095478930626e+02
1.114391107776121004e+02
1.116320789348027773e+02
1.118252140194650650e+02
1.120185160315989634e+02
1.122119849712044868e+02
1.124056208382816351e+02
1.125994236328303941e+02
1.424117480728254463e+02
1.426568629576323985e+02
1.429021886033033013e+02
1.431477250098381830e+02
1.433934721772370438e+02
1.436394301054998834e+02
1.438855987946267021e+02
1.441319782446174997e+02
1.443785684554722764e+02
1.588633125769326853e+02
1.591346418896174555e+02
1.594062027119547054e+02
1.596779950439443780e+02
1.599500188855865304e+02
1.602222742368811623e+02
1.604947610978282171e+02
1.607674794684277515e+02
1.610404293486797656e+02
1.426881647574732028e+02
1.429300091045197689e+02
1.431720582308610119e+02
1.434143121364969886e+02
1.436567708214276706e+02
1.438994342856530579e+02
1.441423025291731506e+02
1.443853755519879485e+02
1.446286533540974517e+02
1.018582883736169009e+02
1.020296227527146726e+02
1.022011011102822522e+02
1.023727234463196680e+02
1.025444897608269201e+02
1.027164000538039943e+02
1.028884543252509047e+02
1.030606525751676514e+02
1.032329948035542202e+02
5.411577434816528864e+01
5.420611787796189418e+01
5.429653675682421010e+01
5.438703098475225062e+01
5.447760056174600862e+01
5.456824548780549122e+01
5.465896576293069131e+01
5.474976138712160179e+01
5.484063236037823685e+01
4.477114433098360990e+01
4.484533015423295410e+01
4.491957738958765134e+01
4.499388603704768030e+01
4.506825609661304810e+01
4.514268756828374762e+01
4.521718045205980019e+01
4.529173474794118448e+01
4.536635045592790760e+01
7.833765104847253724e+01
7.846649586927594555e+01
7.859544656092636217e+01
7.872450312342378709e+01
7.885366555676820610e+01
7.898293386095961921e+01
7.911230803599804062e+01
7.924178808188347034e+01
7.937137399861590836e+01
8.128047648604442088e+01
8.141317930479713993e+01
8.154599036402193235e+01
8.167890966371878392e+01
8.181193720388772306e+01
8.194507298452870714e+01
8.207831700564175037e+01
8.221166926722688117e+01
8.234512976928405692e+01
-1.519215490027396243e+01
-1.521677751761638397e+01
-1.524142007230078377e+01
-1.526608256432716004e+01
-1.529076499369551456e+01
-1.531546736040584733e+01
-1.534018966445815657e+01
-1.536493190585244406e+01
-1.538969408458870980e+01
-1.323578040171290695e+02
-1.325707691080657185e+02
-1.327839053928053659e+02
-1.329972128713480117e+02
-1.332106915436936845e+02
-1.334243414098423557e+02
-1.336381624697940254e+02
-1.338521547235486935e+02
-1.340663181711063885e+02
-1.147510818453640127e+02
-1.149343902828166790e+02
-1.151178450159097650e+02
-1.153014460446432707e+02
-1.154851933690172103e+02
-1.156690869890315696e+02
-1.158531269046863486e+02
-1.160373131159815472e+02
-1.162216456229171797e+02
-2.665719287496158785e+01
-2.669947232440641116e+01
-2.674178527579215725e+01
-2.678413172911882967e+01
-2.682651168438642131e+01
-2.686892514159493572e+01
-2.691137210074437647e+01
-2.695385256183473999e+01
-2.699636652486602628e+01
-5.295430033095841793e+01
-5.303769292990480722e+01
-5.312115114065210264e+01
-5.320467496320029710e+01
-5.328826439754939770e+01
-5.337191944369939023e+01
-5.345564010165029600e+01
-5.353942637140209371e+01
-5.362327825295479755e+01
-1.808662157059553977e+02
-1.811490401245730197e+02
-1.814320854997676520e+02
-1.817153518315393512e+02
-1.819988391198880890e+02
-1.822825473648138654e+02
-1.825664765663166804e+02
-1.828506267243965340e+02
-1.831349978390534545e+02
-2.432163097278381656e+02
-2.435939748050553249e+02
-2.439719328730228369e+02
-2.443501839317406734e+02
-2.447287279812089196e+02
-2.451075650214274901e+02
-2.454866950523964704e+02
-2.458661180741157750e+02
-2.462458340865854325e+02
-1.575090166588625777e+02
-1.577518987200173513e+02
-1.579949679014041237e+02
-1.582382242030229236e+02
-1.584816676248737224e+02
-1.587252981669565486e+02
-1.589691158292713737e+02
-1.592131206118182263e+02
-1.594573125145971062e+02
-5.700594390295639613e+01
-5.709324243879552085e+01
-5.718060776769957698e+01
-5.726803988966853609e+01
-5.735553880470240529e+01
-5.744310451280118457e+01
-5.753073701396488104e+01
-5.761843630819348760e+01
-5.770620239548700425e+01
-6.242291787797309155e+01
-6.251785767702705243e+01
-6.261286961878545299e+01
-6.270795370324829321e+01
-6.280310993041558731e+01
-6.289833830028733530e+01
-6.299363881286353717e+01
-6.308901146814417160e+01
-6.318445626612925992e+01
-9.841176896727465362e+01
-9.856042722855453064e+01
-9.870919768474857392e+01
-9.885808033585678345e+01
-9.900707518187917344e+01
-9.915618222281574390e+01
-9.930540145866646640e+01
-9.945473288943139778e+01
-9.960417651511046699e+01
-9.032058065520263312e+01
-9.045609540487285471e+01
-9.059171173981269476e+01
-9.072742966002215326e+01
-9.086324916550121600e+01
-9.099917025624991140e+01
-9.113519293226822526e+01
-9.127131719355615758e+01
-9.140754304011369413e+01
-1.940583430631804163e+01
-1.943475507279541503e+01
-1.946369737372288355e+01
-1.949266120910044719e+01
-1.952164657892810595e+01
-1.955065348320585983e+01
-1.957968192193370882e+01
-1.960873189511164938e+01
-1.963780340273968861e+01
7.769141704046654695e+01
7.780643024111860484e+01
7.792152851070606800e+01
7.803671184922892223e+01
7.815198025668715331e+01
7.826733373308078967e+01
7.838277227840981709e+01
7.849829589267423557e+01
7.861390457587405933e+01
1.637591323168813346e+02
1.639999545702885086e+02
1.642409537687753414e+02
1.644821299123418044e+02
1.647234830009879545e+02
1.649650130347137349e+02
1.652067200135192024e+02
1.654486039374042718e+02
1.656906648063690284e+02
1.714518400279741286e+02
1.717023175152319254e+02
1.719529778327724330e+02
1.722038209805955660e+02
1.724548469587013813e+02
1.727060557670899072e+02
1.729574474057610587e+02
1.732090218747148924e+02
1.734607791739513800e+02
1.410284553853799139e+02
1.412331410971148671e+02
1.414379752393876970e+02
1.416429578121983752e+02
1.418480888155469870e+02
1.420533682494334187e+02
1.422587961138577839e+02
1.424643724088199974e+02
1.426700971343201161e+02
1.868976775971881352e+02
1.871671767718055719e+02
1.874368701100934800e+02
1.877067576120518311e+02
1.879768392776807104e+02
1.882471151069800044e+02
1.885175850999498266e+02
1.887882492565900918e+02
1.890591075769008569e+02
3.189119942771422416e+02
3.193688882517513434e+02
3.198261092800286747e+02
3.202836573619744058e+02
3.207415324975883664e+02
3.211997346868706131e+02
3.216582639298212030e+02
3.221171202264400790e+02
3.225763035767271845e+02
3.847192149939686487e+02
3.852668580046362194e+02
3.858148905195788529e+02
3.863633125387964355e+02
3.869121240622890241e+02
3.874613250900566186e+02
3.880109156220992759e+02
3.885608956584169391e+02
3.891112651990095515e+02
3.304832820176087012e+02
3.309507265466293688e+02
3.314185014251405619e+02
3.318866066531421666e+02
3.323550422306342398e+02
3.328238081576167815e+02
3.332929044340898486e+02
3.337623310600533273e+02
3.342320880355073314e+02
2.975190612792283105e+02
2.979372187792693580e+02
2.983556699292402641e+02
2.987744147291409718e+02
2.991934531789714242e+02
2.996127852787317352e+02
3.000324110284218477e+02
3.004523304280417619e+02
3.008725434775914778e+02
3.671420712896951954e+02
3.676548395456863432e+02
3.681679656301884052e+02
3.686814495432012109e+02
3.691952912847248740e+02
3.697094908547592809e+02
3.702240482533044883e+02
3.707389634803605531e+02
3.712542365359274186e+02
4.709828078738382828e+02
4.716364967119699259e+02
4.722906388710711667e+02
4.729452343511418917e+02
4.736002831521823282e+02
4.742557852741921920e+02
4.749117407171717105e+02
4.755681494811208267e+02
4.762250115660394840e+02
4.706832320054737693e+02
4.713324502565158127e+02
4.719821159357115903e+02
4.726322290430609883e+02
4.732827895785641772e+02
4.739337975422211002e+02
4.745852529340317005e+02
4.752371557539960349e+02
4.758895060021140466e+02
4.003991963954707103e+02
4.009480643823047785e+02
4.014973083061161674e+02
4.020469281669048200e+02
4.025969239646707933e+02
4.031472956994140304e+02
4.036980433711344745e+02
4.042491669798322960e+02
4.048006665255073813e+02
3.667188242930879483e+02
3.672184412199177928e+02
3.677183982535731843e+02
3.682186953940542367e+02
3.687193326413609498e+02
3.692203099954932100e+02
3.697216274564510741e+02
3.702232850242346558e+02
3.707252826988437278e+02
3.866048204868181415e+02
3.871283205822640525e+02
3.876521748726324859e+02
3.881763833579233847e+02
3.887009460381368626e+02
3.892258629132727492e+02
3.897511339833311013e+02
3.902767592483120325e+02
3.908027387082153723e+02
4.047307115617689419e+02
4.052754366109772945e+02
4.058205279850337206e+02
4.063659856839383338e+02
4.069118097076911340e+02
4.074580000562920645e+02
4.080045567297411253e+02
4.085514797280383732e+02
4.090987690511837513e+02
3.797834256778220379e+02
3.802914971503006996e+02
3.807999082427476196e+02
3.813086589551627981e+02
3.818177492875461780e+02
3.823271792398978164e+02
3.828369488122176563e+02
3.833470580045058114e+02
3.838575068167621112e+02
2.389425698133738081e+02
2.392603125923809273e+02
2.395782664961581929e+02
2.398964315247055481e+02
2.402148076780230213e+02
2.405333949561105840e+02
2.408521933589682362e+02
2.411712028865960065e+02
2.414904235389938663e+02
2.418098553161618725e+02
2.421294982180999682e+02
2.424493522448081251e+02
2.427694173962864284e+02
2.430896936725348212e+02
2.434101810735533320e+02
2.437308795993419608e+02
2.440517892499006791e+02
7.149813963777798165e+01
7.159215428555940264e+01
7.168623070380587592e+01
7.178036889251737307e+01
7.187456885169390830e+01
7.196883058133546740e+01
7.206315408144207879e+01
7.215753935201369984e+01
7.225198639305037318e+01
7.234649520455207039e+01
7.244106578651880568e+01
7.253569813895057905e+01
7.263039226184737629e+01
7.272514815520921161e+01
7.281996581903608501e+01
7.291484525332798228e+01
7.300978645808491763e+01
-1.356710579493131874e+01
-1.358474832522381526e+01
-1.360240231914873377e+01
-1.362006777670607072e+01
-1.363774469789582611e+01
-1.365543308271799816e+01
-1.367313293117259043e+01
-1.369084424325960114e+01
-1.370856701897903207e+01
-1.372630125833088144e+01
-1.374404696131514747e+01
-1.376180412793183372e+01
-1.377957275818094018e+01
-1.379735285206246331e+01
-1.381514440957640488e+01
-1.383294743072276667e+01
-1.385076191550154689e+01
-3.074943196770727809e+02
-3.078898107634741450e+02
-3.082855560215248829e+02
-3.086815554512249946e+02
-3.090778090525744801e+02
-3.094743168255732826e+02
-3.098710787702214589e+02
-3.102680948865189521e+02
-3.106653651744658760e+02
-3.110628896340621168e+02
-3.114606682653077314e+02
-3.118587010682026630e+02
-3.122569880427470252e+02
-3.126555291889406476e+02
-3.130543245067837006e+02
-3.134533739962761274e+02
-3.138526776574178712e+02
-3.141661673957246421e+02
-3.145658698987726893e+02
-3.149658265038569311e+02
-3.153660372109774812e+02
-3.157665020201342259e+02
-3.161672209313273356e+02
-3.165681939445566400e+02
-3.169694210598222526e+02
-3.173709022771241166e+02
-3.177726375964622321e+02
-3.181746270178366558e+02
-3.185768705412473309e+02
-3.189793681666942575e+02
-3.193821198941774355e+02
-3.197851257236969218e+02
-3.201883856552526595e+02
-3.205918996888446486e+02
-4.113229511184794660e+02
-4.118406640840156001e+02
-4.123587026551904842e+02
-4.128770668320040045e+02
-4.133957566144562747e+02
-4.139147720025472381e+02
-4.144341129962768946e+02
-4.149537795956453010e+02
-4.154737718006523437e+02
-4.159940896112981363e+02
-4.165147330275826789e+02
-4.170357020495058009e+02
-4.175569966770676729e+02
-4.180786169102682948e+02
-4.186005627491075529e+02
-4.191228341935855610e+02
-4.196454312437022054e+02
-4.334356057263503885e+02
-4.339753760946273360e+02
-4.345154823498788801e+02
-4.350559244921050777e+02
-4.355967025213059287e+02
-4.361378164374814901e+02
-4.366792662406317049e+02
-4.372210519307565733e+02
-4.377631735078560951e+02
-4.383056309719302135e+02
-4.388484243229790991e+02
-4.393915535610025245e+02
-4.399350186860007170e+02
-4.404788196979735062e+02
-4.410229565969210057e+02
-4.415674293828431018e+02
-4.421122380557399083e+02
-2.630027614282996637e+02
-2.633268560203246693e+02
-2.636511501779851869e+02
-2.639756439012811597e+02
-2.643003371902125878e+02
-2.646252300447795278e+02
-2.649503224649819799e+02
-2.652756144508198872e+02
-2.656011060022933066e+02
-2.659267971194021811e+02
-2.662526878021465677e+02
-2.665787780505264095e+02
-2.669050678645417065e+02
-2.672315572441925724e+02
-2.675582461894788366e+02
-2.678851347004006698e+02
-2.682122227769579013e+02
-1.750497516005647469e+02
-1.752632269073947100e+02
-1.754768323027724080e+02
-1.756905677866978124e+02
-1.759044333591709801e+02
-1.761184290201918543e+02
-1.763325547697604918e+02
-1.765468106078768642e+02
-1.767611965345409146e+02
-1.769757125497527568e+02
-1.771903586535123054e+02
-1.774051348458195889e+02
-1.776200411266746357e+02
-1.778350774960773606e+02
-1.780502439540278488e+02
-1.782655405005260718e+02
-1.784809671355720297e+02
2.635012384511530570e+01
2.638192846049866347e+01
2.641375225840035057e+01
2.644559523882036700e+01
2.647745740175870210e+01
2.650933874721536654e+01
2.654123927519035675e+01
2.657315898568366919e+01
2.660509787869530740e+01
2.663705595422527139e+01
2.666903321227356116e+01
2.670102965284017671e+01
2.673304527592511803e+01
2.676508008152838158e+01
2.679713406964997091e+01
2.682920724028988957e+01
2.686129959344813045e+01
2.759270090292441182e+02
2.762566709277258497e+02
2.765865296392813661e+02
2.769165851639105540e+02
2.772468375016135269e+02
2.775772866523901712e+02
2.779079326162405437e+02
2.782387753931646444e+02
2.785698149831624733e+02
2.789010513862339735e+02
2.792324846023792588e+02
2.795641146315982155e+02
2.798959414738909572e+02
2.802279651292573703e+02
2.805601855976975116e+02
2.808926028792113812e+02
2.812252169737989220e+02
3.734314314388506091e+02
3.738731007841361134e+02
3.743150311633135630e+02
3.747572225763830147e+02
3.751996750233445255e+02
3.756423885041979815e+02
3.760853630189434966e+02
3.765285985675810707e+02
3.769720951501105901e+02
3.774158527665321685e+02
3.778598714168456922e+02
3.783041511010512750e+02
3.787486918191489167e+02
3.791934935711385037e+02
3.796385563570201498e+02
3.800838801767937980e+02
3.805294650304593915e+02
5.559470792445958978e+02
5.565980711406668888e+02
5.572494439565131188e+02
5.579011976921348150e+02
5.585533323475317502e+02
5.592058479227041516e+02
5.598587444176517920e+02
5.605120218323748986e+02
5.611656801668733578e+02
5.618197194211470560e+02
5.624741395951961067e+02
5.631289406890205100e+02
5.637841227026203796e+02
5.644396856359954882e+02
5.650956294891460630e+02
5.657519542620718767e+02
5.664086599547730430e+02
6.125726983108545483e+02
6.132829275262873807e+02
6.139935682302576652e+02
6.147046204227651742e+02
6.154160841038100216e+02
6.161279592733923209e+02
6.168402459315118449e+02
6.175529440781685935e+02
6.182660537133627940e+02
6.189795748370943329e+02
6.196935074493632101e+02
6.204078515501693118e+02
6.211226071395128656e+02
6.218377742173937577e+02
6.225533527838118744e+02
6.232693428387673293e+02
6.239857443822602363e+02
6.108306275352027797e+02
6.115319256150365845e+02
6.122336260460348285e+02
6.129357288281977389e+02
6.136382339615252022e+02
6.143411414460172182e+02
6.150444512816737870e+02
6.157481634684949086e+02
6.164522780064805829e+02
6.171567948956308101e+02
6.178617141359457037e+02
6.185670357274251501e+02
6.192727596700690356e+02
6.199788859638775875e+02
6.206854146088506923e+02
6.213923456049882361e+02
6.220996789522904464e+02
6.159333610024868904e+02
6.166336831866852890e+02
6.173344032812156001e+02
6.180355212860779375e+02
6.187370372012720736e+02
6.194389510267982359e+02
6.201412627626561971e+02
6.208439724088462981e+02
6.215470799653681979e+02
6.222505854322220102e+02
6.229544888094077351e+02
6.236587900969254861e+02
6.243634892947751496e+02
6.250685864029567256e+02
6.257740814214702141e+02
6.264799743503156151e+02
6.271862651894929286e+02
5.028463335440495712e+02
5.034126019376802788e+02
5.039791889966984400e+02
5.045460947211041685e+02
5.051133191108974074e+02
5.056808621660782705e+02
5.062487238866465304e+02
5.068169042726024145e+02
5.073854033239457522e+02
5.079542210406766571e+02
5.085233574227950726e+02
5.090928124703009416e+02
5.096625861831943780e+02
5.102326785614753817e+02
5.108030896051438958e+02
5.113738193141999204e+02
5.119448676886434555e+02
4.034180874903472613e+02
4.038680797797955506e+02
4.043183229010662103e+02
4.047688168541592972e+02
4.052195616390748683e+02
4.056705572558128665e+02
4.061218037043732352e+02
4.065733009847560879e+02
4.070250490969613679e+02
4.074770480409891320e+02
4.079292978168392665e+02
4.083817984245118851e+02
4.088345498640068740e+02
4.092875521353243471e+02
4.097408052384641906e+02
4.101943091734265749e+02
4.106480639402113297e+02
2.665906378277422846e+02
2.668852131181596974e+02
2.671799510674895259e+02
2.674748516757317702e+02
2.677699149428864871e+02
2.680651408689536197e+02
2.683605294539331680e+02
2.686560806978251890e+02
2.689517946006296256e+02
2.692476711623464780e+02
2.695437103829757461e+02
2.698399122625174869e+02
2.701362768009716433e+02
2.704328039983382723e+02
2.707294938546172602e+02
2.710263463698087776e+02
2.713233615439126538e+02
5.478254761496447856e+01
5.484251756309251391e+01
5.490252031753791329e+01
5.496255587830066247e+01
5.502262424538076857e+01
5.508272541877823869e+01
5.514285939849306573e+01
5.520302618452524257e+01
5.526322577687478343e+01
5.532345817554167411e+01
5.538372338052592880e+01
5.544402139182753331e+01
5.550435220944649473e+01
5.556471583338282016e+01
5.562511226363649541e+01
5.568554150020752047e+01
5.574600354309591665e+01
-1.326914073360269697e+02
-1.328353242637233222e+02
-1.329793191951744973e+02
-1.331233921303805516e+02
-1.332675430693414285e+02
-1.334117720120571846e+02
-1.335560789585277632e+02
-1.337004639087531928e+02
-1.338449268627334732e+02
-1.339894678204686045e+02
-1.341340867819585867e+02
-1.342787837472034198e+02
-1.344235587162031038e+02
-1.345684116889576387e+02
-1.347133426654669961e+02
-1.348583516457312328e+02
-1.350034386297503204e+02
-2.713806565202535808e+02
-2.716723068765354583e+02
-2.719641138656617159e+02
-2.722560774876323535e+02
-2.725481977424473712e+02
-2.728404746301068826e+02
-2.731329081506107173e+02
-2.734254983039589888e+02
-2.737182450901516404e+02
-2.740111485091887857e+02
-2.743042085610701974e+02
-2.745974252457961597e+02
-2.748907985633663884e+02
-2.751843285137811108e+02
-2.754780150970402133e+02
-2.757718583131437526e+02
-2.760658581620916721e+02
-3.838869539388210228e+02
-3.842957792358805023e+02
-3.847048221089361846e+02
-3.851140825579882971e+02
-3.855235605830366126e+02
-3.859332561840813014e+02
-3.863431693611223068e+02
-3.867533001141595719e+02
-3.871636484431931535e+02
-3.875742143482230517e+02
-3.879849978292492665e+02
-3.883959988862717978e+02
-3.888072175192905888e+02
-3.892186537283057532e+02
-3.896303075133171774e+02
-3.900421788743249181e+02
-3.904542678113289185e+02
-4.288535061521299667e+02
-4.293061219897575711e+02
-4.297589765488184526e+02
-4.302120698293127248e+02
-4.306654018312403878e+02
-4.311189725546013278e+02
-4.315727819993956587e+02
-4.320268301656233803e+02
-4.324811170532843221e+02
-4.329356426623787115e+02
-4.333904069929064349e+02
-4.338454100448674353e+02
-4.343006518182618834e+02
-4.347561323130896085e+02
-4.352118515293507244e+02
-4.356678094670451742e+02
-4.361240061261729579e+02
-4.314111527256922614e+02
-4.318624196218488578e+02
-4.323139224128805722e+02
-4.327656610987874615e+02
-4.332176356795695256e+02
-4.336698461552267077e+02
-4.341222925257590077e+02
-4.345749747911664826e+02
-4.350278929514490756e+02
-4.354810470066068433e+02
-4.359344369566397290e+02
-4.363880628015477896e+02
-4.368419245413309682e+02
-4.372960221759893216e+02
-4.377503557055228498e+02
-4.382049251299314392e+02
-4.386597304492152603e+02
-3.660789984274720155e+02
-3.664585515621816398e+02
-3.668383013565466513e+02
-3.672182478105668793e+02
-3.675983909242424374e+02
-3.679787306975732690e+02
-3.683592671305593171e+02
-3.687400002232007523e+02
-3.691209299754974609e+02
-3.695020563874494428e+02
-3.698833794590566981e+02
-3.702648991903192837e+02
-3.706466155812371426e+02
-3.710285286318102749e+02
-3.714106383420387374e+02
-3.717929447119224164e+02
-3.721754477414614826e+02
-2.861618382252694914e+02
-2.864559408339285369e+02
-2.867501944968293515e+02
-2.870445992139718783e+02
-2.873391549853561742e+02
-2.876338618109821823e+02
-2.879287196908499027e+02
-2.882237286249593922e+02
-2.885188886133105939e+02
-2.888141996559035078e+02
-2.891096617527382477e+02
-2.894052749038146430e+02
-2.897010391091328074e+02
-2.899969543686926841e+02
-2.902930206824942729e+02
-2.905892380505376877e+02
-2.908856064728227580e+02
-1.963087804171183279e+02
-1.965087893630349072e+02
-1.967089001465003264e+02
-1.969091127675145856e+02
-1.971094272260776563e+02
-1.973098435221895954e+02
-1.975103616558503461e+02
-1.977109816270599651e+02
-1.979117034358183673e+02
-1.981125270821256663e+02
-1.983134525659817484e+02
-1.985144798873867273e+02
-1.987156090463404894e+02
-1.989168400428431198e+02
-1.991181728768945902e+02
-1.993196075484949006e+02
-1.995211440576440225e+02
-7.918022235286949240e+01
-7.926020237544815927e+01
-7.934022277158692305e+01
-7.942028354128579792e+01
-7.950038468454478391e+01
-7.958052620136388100e+01
-7.966070809174308920e+01
-7.974093035568240850e+01
-7.982119299318183892e+01
-7.990149600424138043e+01
-7.998183938886101885e+01
-8.006222314704078258e+01
-8.014264727878065742e+01
-8.022311178408062915e+01
-8.030361666294072620e+01
-8.038416191536093436e+01
-8.046474754134123941e+01
3.944281260957294677e+01
3.948231467528108141e+01
3.952183651179287693e+01
3.956137811910832625e+01
3.960093949722742934e+01
3.964052064615020043e+01
3.968012156587662531e+01
3.971974225640670397e+01
3.975938271774044352e+01
3.979904294987783686e+01
3.983872295281889109e+01
3.987842272656360620e+01
3.991814227111197511e+01
3.995788158646400490e+01
3.999764067261968847e+01
4.003741952957903294e+01
4.007721815734203830e+01
1.145063935249211227e+02
1.146201039455019668e+02
1.147338707980533314e+02
1.148476940825752166e+02
1.149615737990676081e+02
1.150755099475305059e+02
1.151895025279639242e+02
1.153035515403678346e+02
1.154176569847422797e+02
1.155318188610872312e+02
1.156460371694026890e+02
1.157603119096886672e+02
1.158746430819451376e+02
1.159890306861721285e+02
1.161034747223696399e+02
1.162179751905376577e+02
1.163325320906761959e+02
1.164471454227852263e+02
1.165618151868647772e+02
1.166765413829148343e+02
1.167913240109354120e+02
1.169061630709265103e+02
1.170210585628881148e+02
1.171360104868202114e+02
1.172510188427228428e+02
1.173660836305959663e+02
1.174812048504396103e+02
1.175963825022537605e+02
1.177116165860384456e+02
1.178269071017936227e+02
1.179422540495193061e+02
1.180576574292155101e+02
1.181731172408822346e+02
1.320541901175486146e+02
1.321832122866913153e+02
1.323122974549400226e+02
1.324414456222947933e+02
1.325706567887555423e+02
1.326999309543223546e+02
1.328292681189951736e+02
1.329586682827740560e+02
1.330881314456589166e+02
1.332176576076498407e+02
1.333472467687467713e+02
1.334768989289497370e+02
1.336066140882587376e+02
1.337363922466737449e+02
1.338662334041947872e+02
1.339961375608218646e+02
1.341261047165549485e+02
1.342561348713940674e+02
1.343862280253392214e+02
1.345163841783904104e+02
1.346466033305476060e+02
1.347768854818108366e+02
1.349072306321801022e+02
1.350376387816553745e+02
1.351681099302366817e+02
1.352986440779240240e+02
1.354292412247173729e+02
1.355599013706167568e+02
1.356906245156221757e+02
1.358214106597336297e+02
1.359522598029511187e+02
1.360831719452745858e+02
1.362141470867041164e+02
5.131471810544506695e+01
5.136405918054645525e+01
5.141342396591939945e+01
5.146281246156389955e+01
5.151222466747994844e+01
5.156166058366754612e+01
5.161112021012669970e+01
5.166060354685740208e+01
5.171011059385966746e+01
5.175964135113347453e+01
5.180919581867884460e+01
5.185877399649575636e+01
5.190837588458423113e+01
5.195800148294425469e+01
5.200765079157582704e+01
5.205732381047895529e+01
5.210702053965363945e+01
5.215674097909987239e+01
5.220648512881766123e+01
5.225625298880700598e+01
5.230604455906789951e+01
5.235585983960033474e+01
5.240569883040434007e+01
5.245556153147989420e+01
5.250544794282699712e+01
5.255535806444564884e+01
5.260529189633586356e+01
5.265524943849761996e+01
5.270523069093093937e+01
5.275523565363580758e+01
5.280526432661222458e+01
5.285531670986019748e+01
5.290539280337972627e+01
-6.392021374445946691e+01
-6.398071560318588524e+01
-6.404124608152380915e+01
-6.410180517947324574e+01
-6.416239289703418081e+01
-6.422300923420662855e+01
-6.428365419099057476e+01
-6.434432776738603366e+01
-6.440502996339300523e+01
-6.446576077901148949e+01
-6.452652021424147222e+01
-6.458730826908295342e+01
-6.464812494353594730e+01
-6.470897023760045386e+01
-6.476984415127647310e+01
-6.483074668456399081e+01
-6.489167783746302121e+01
-6.495263760997355007e+01
-6.501362600209559162e+01
-6.507464301382913163e+01
-6.513568864517419854e+01
-6.519676289613076392e+01
-6.525786576669882777e+01
-6.531899725687840430e+01
-6.538015736666947930e+01
-6.544134609607208120e+01
-6.550256344508618156e+01
-6.556380941371178039e+01
-6.562508400194889191e+01
-6.568638720979751611e+01
-6.574771903725763877e+01
-6.580907948432928833e+01
-6.587046855101243636e+01
-1.762368001686911896e+02
-1.764010469535641334e+02
-1.765653702390355591e+02
-1.767297700251054380e+02
-1.768942463117737418e+02
-1.770587990990404990e+02
-1.772234283869057379e+02
-1.773881341753694016e+02
-1.775529164644315188e+02
-1.777177752540920892e+02
-1.778827105443510845e+02
-1.780477223352085616e+02
-1.782128106266644920e+02
-1.783779754187188473e+02
-1.785432167113716844e+02
-1.787085345046229463e+02
-1.788739287984726616e+02
-1.790393995929208302e+02
-1.792049468879674521e+02
-1.793705706836125273e+02
-1.795362709798560559e+02
-1.797020477766980378e+02
-1.798679010741384445e+02
-1.800338308721773046e+02
-1.801998371708146465e+02
-1.803659199700504132e+02
-1.805320792698846333e+02
-1.806983150703173067e+02
-1.808646273713484334e+02
-1.810310161729780134e+02
-1.811974814752060468e+02
-1.813640232780325050e+02
-1.815306415814574450e+02
-2.168663675797745043e+02
-2.170654188579569563e+02
-2.172645614440651798e+02
-2.174637953380991746e+02
-2.176631205400589124e+02
-2.178625370499444500e+02
-2.180620448677557590e+02
-2.182616439934928394e+02
-2.184613344271556912e+02
-2.186611161687443143e+02
-2.188609892182587089e+02
-2.190609535756988464e+02
-2.192610092410648122e+02
-2.194611562143564925e+02
-2.196613944955739726e+02
-2.198617240847172241e+02
-2.200621449817862754e+02
-2.202626571867810412e+02
-2.204632606997016353e+02
-2.206639555205479439e+02
-2.208647416493200524e+02
-2.210656190860179606e+02
-2.212665878306415834e+02
-2.214676478831910345e+02
-2.216687992436662000e+02
-2.218700419120671654e+02
-2.220713758883939306e+02
-2.222728011726464388e+02
-2.224743177648247183e+02
-2.226759256649287693e+02
-2.228776248729586200e+02
-2.230794153889141853e+02
-2.232812972127955788e+02
-2.260519204915662499e+02
-2.262563073997864649e+02
-2.264607866653985582e+02
-2.266653582884025298e+02
-2.268700222687983796e+02
-2.270747786065861078e+02
-2.272796273017657143e+02
-2.274845683543371706e+02
-2.276896017643005337e+02
-2.278947275316557750e+02
-2.280999456564028378e+02
-2.283052561385418358e+02
-2.285106589780726836e+02
-2.287161541749954097e+02
-2.289217417293100141e+02
-2.291274216410164968e+02
-2.293331939101148578e+02
-2.295390585366050686e+02
-2.297450155204871578e+02
-2.299510648617611821e+02
-2.301572065604269994e+02
-2.303634406164847519e+02
-2.305697670299343542e+02
-2.307761858007758349e+02
-2.309826969290091654e+02
-2.311893004146344310e+02
-2.313959962576515181e+02
-2.316027844580605120e+02
-2.318096650158613841e+02
-2.320166379310541060e+02
-2.322237032036387063e+02
-2.324308608336151849e+02
-2.326381108209835702e+02
-2.150251260106727216e+02
-2.152166851429762175e+02
-2.154083295642967926e+02
-2.156000592746343614e+02
-2.157918742739890092e+02
-2.159837745623607361e+02
-2.161757601397495137e+02
-2.163678310061553418e+02
-2.165599871615782206e+02
-2.167522286060181216e+02
-2.169445553394751016e+02
-2.171369673619491323e+02
-2.173294646734402420e+02
-2.175220472739483739e+02
-2.177147151634735565e+02
-2.179074683420158181e+02
-2.181003068095751303e+02
-2.182932305661514931e+02
-2.184862396117449066e+02
-2.186793339463553707e+02
-2.188725135699828854e+02
-2.190657784826274792e+02
-2.192591286842891236e+02
-2.194525641749677902e+02
-2.196460849546635359e+02
-2.198396910233763322e+02
-2.200333823811061507e+02
-2.202271590278530766e+02
-2.204210209636170248e+02
-2.206149681883980520e+02
-2.208090007021961014e+02
-2.210031185050112015e+02
-2.211973215968433806e+02
-1.741152087026326285e+02
-1.742680754354707631e+02
-1.744210092445409259e+02
-1.745740101298431739e+02
-1.747270780913774502e+02
-1.748802131291437831e+02
-1.750334152431421444e+02
-1.751866844333725908e+02
-1.753400206998350370e+02
-1.754934240425295684e+02
-1.756468944614561281e+02
-1.758004319566147444e+02
-1.759540365280053891e+02
-1.761077081756281189e+02
-1.762614468994828769e+02
-1.764152526995696917e+02
-1.765691255758885347e+02
-1.767230655284394629e+02
-1.768770725572223910e+02
-1.770311466622374041e+02
-1.771852878434844740e+02
-1.773394961009635722e+02
-1.774937714346746986e+02
-1.776481138446179102e+02
-1.778025233307931501e+02
-1.779569998932004466e+02
-1.781115435318397715e+02
-1.782661542467111531e+02
-1.784208320378145913e+02
-1.785755769051500863e+02
-1.787303888487176096e+02
-1.788852678685172179e+02
-1.790402139645488262e+02
-1.262631418714371563e+02
-1.263724133053371617e+02
-1.264817320019680551e+02
-1.265910979613299077e+02
-1.267005111834226625e+02
-1.268099716682463622e+02
-1.269194794158009927e+02
-1.270290344260865254e+02
-1.271386366991029888e+02
-1.272482862348503829e+02
-1.273579830333286935e+02
-1.274677270945379490e+02
-1.275775184184781210e+02
-1.276873570051492237e+02
-1.277972428545512429e+02
-1.279071759666841785e+02
-1.280171563415480591e+02
-1.281271839791428420e+02
-1.282372588794685839e+02
-1.283473810425252282e+02
-1.284575504683128031e+02
-1.285677671568313087e+02
-1.286780311080807166e+02
-1.287883423220610837e+02
-1.288987007987723530e+02
-1.290091065382145530e+02
-1.291195595403877121e+02
-1.292300598052917451e+02
-1.293406073329267372e+02
-1.294512021232926315e+02
-1.295618441763894850e+02
-1.296725334922172124e+02
-1.297832700707758988e+02
-8.694622106996860111e+01
-8.702040726542078630e+01
-8.709462509677722153e+01
-8.716887456403790679e+01
-8.724315566720282789e+01
-8.731746840627199902e+01
-8.739181278124540597e+01
-8.746618879212306297e+01
-8.754059643890497000e+01
-8.761503572159109865e+01
-8.768950664018149155e+01
-8.776400919467612027e+01
-8.783854338507499904e+01
-8.791310921137811363e+01
-8.798770667358547826e+01
-8.806233577169709292e+01
-8.813699650571294342e+01
-8.821168887563304395e+01
-8.828641288145738031e+01
-8.836116852318596671e+01
-8.843595580081878893e+01
-8.851077471435586119e+01
-8.858562526379716928e+01
-8.866050744914274162e+01
-8.873542127039254979e+01
-8.881036672754659378e+01
-8.888534382060487360e+01
-8.896035254956741767e+01
-8.903539291443419756e+01
-8.911046491520521329e+01
-8.918556855188047905e+01
-8.926070382445999485e+01
-8.933587073294376069e+01
-7.408484015419510627e+01
-7.414717489559535579e+01
-7.420953585009122833e+01
-7.427192301768273808e+01
-7.433433639836985662e+01
-7.439677599215262660e+01
-7.445924179903100537e+01
-7.452173381900500715e+01
-7.458425205207464614e+01
-7.464679649823990815e+01
-7.470936715750079316e+01
-7.477196402985731538e+01
-7.483458711530944640e+01
-7.489723641385721464e+01
-7.495991192550062010e+01
-7.502261365023963435e+01
-7.508534158807428582e+01
-7.514809573900456030e+01
-7.521087610303045778e+01
-7.527368268015199249e+01
-7.533651547036913598e+01
-7.539937447368193091e+01
-7.546225969009033463e+01
-7.552517111959437557e+01
-7.558810876219403951e+01
-7.565107261788931226e+01
-7.571406268668023642e+01
-7.577707896856678360e+01
-7.584012146354893957e+01
-7.590319017162674697e+01
-7.596628509280016317e+01
-7.602940622706921658e+01
-7.609255357443389300e+01
-8.103795068891686526e+01
-8.110520210027695498e+01
-8.117248140521290622e+01
-8.123978860372469057e+01
-8.130712369581232224e+01
-8.137448668147578701e+01
-8.144187756071511330e+01
-8.150929633353025849e+01
-8.157674299992126521e+01
-8.164421755988811924e+01
-8.171172001343082059e+01
-8.177925036054935504e+01
-8.184680860124373680e+01
-8.191439473551395167e+01
-8.198200876336002807e+01
-8.204965068478195178e+01
-8.211732049977970860e+01
-8.218501820835331273e+01
-8.225274381050274997e+01
-8.232049730622804873e+01
-8.238827869552918060e+01
-8.245608797840615978e+01
-8.252392515485898628e+01
-8.259179022488764588e+01
-8.265968318849215279e+01
-8.272760404567252124e+01
-8.279555279642870858e+01
-8.286352944076075744e+01
-8.293153397866863941e+01
-8.299956641015238290e+01
-8.306762673521194529e+01
-8.313571495384736920e+01
-8.320383106605862622e+01
-1.009324462833888418e+02
-1.010150762025729563e+02
-1.010977399310529563e+02
-1.011804374688288704e+02
-1.012631688159006984e+02
-1.013459339722683978e+02
-1.014287329379320255e+02
-1.015115657128915387e+02
-1.015944322971469660e+02
-1.016773326906982788e+02
-1.017602668935455199e+02
-1.018432349056886466e+02
-1.019262367271276730e+02
-1.020092723578625993e+02
-1.020923417978934395e+02
-1.021754450472201654e+02
-1.022585821058428053e+02
-1.023417529737613449e+02
-1.024249576509757844e+02
-1.025081961374861237e+02
-1.025914684332923770e+02
-1.026747745383945158e+02
-1.027581144527925545e+02
-1.028414881764865072e+02
-1.029248957094763597e+02
-1.030083370517621120e+02
-1.030918122033437641e+02
-1.031753211642213302e+02
-1.032588639343947960e+02
-1.033424405138641475e+02
-1.034260509026294130e+02
-1.035096951006905641e+02
-1.035933731080476292e+02
-1.022950032917913035e+02
-1.023776325351610978e+02
-1.024602951371273036e+02
-1.025429910976899635e+02
-1.026257204168490489e+02
-1.027084830946045741e+02
-1.027912791309565250e+02
-1.028741085259049157e+02
-1.029569712794497462e+02
-1.030398673915910166e+02
-1.031227968623287126e+02
-1.032057596916628626e+02
-1.032887558795934098e+02
-1.033717854261204252e+02
-1.034548483312438663e+02
-1.035379445949637329e+02
-1.036210742172800394e+02
-1.037042371981928000e+02
-1.037874335377019719e+02
-1.038706632358075979e+02
-1.039539262925096352e+02
-1.040372227078081124e+02
-1.041205524817030437e+02
-1.042039156141944005e+02
-1.042873121052821972e+02
-1.043707419549664053e+02
-1.044542051632470816e+02
-1.045377017301241835e+02
-1.046212316555977111e+02
-1.047047949396676785e+02
-1.047883915823340715e+02
-1.048720215835969043e+02
-1.049556849434561769e+02
