-3.191873444256614761e-02
-3.572073830624368784e-01
-1.274487053969398931e-01
-1.858364509119898866e-01
-2.346340827688833675e-01
-2.725738835555979178e-01
-3.276906318172028154e-01
-3.651946906931116676e-01
-4.142210141834851700e-01
-4.593652596234966135e-01
-5.037350254111269132e-01
-5.425832605882069393e-01
-5.812532986192630036e-01
-6.128365197303227152e-01
-6.185022052098353429e-01
-6.197903962526390975e-01
-1.101393687845150460e+00
-1.068118450585273216e+00
-9.237574399225577659e-01
-8.455645216244518370e-01
-6.609755722365352471e-01
-4.948371093999985870e-01
-4.582999189528169093e-01
-4.536896925852288986e-01
-7.177679443037077167e-01
-9.984646145991938893e-01
-1.242185746845181571e+00
-1.709781603858633536e+00
-2.118417427440114409e+00
-2.756103117673461611e+00
-3.269797116120018110e+00
-3.756999076452374631e+00
-4.483314841792022776e+00
-5.004883881330279394e+00
-5.775276454966700612e+00
-6.400682932532167690e+00
-7.200793837765862015e+00
-7.723715342153130159e+00
-8.479557057000082665e+00
-9.595642877137795068e+00
-1.024842579233716933e+01
-1.005100328453018221e+01
-9.734667747541026372e+00
-1.166483683460796961e+01
-1.251118411483320436e+01
-1.527251044144372116e+01
-1.851667955848275327e+01
-2.047808010804768131e+01
-2.114749236892842532e+01
-2.261660225906514654e+01
-2.356603806154485881e+01
-2.723127355209291167e+01
-3.237678749220398089e+01
-3.252743076615779216e+01
-3.034978916198798871e+01
-2.518861156506718757e+01
-2.513369716973319967e+01
-2.968390003685460243e+01
-2.115538220494254418e+01
-6.600672986050214242e+00
-2.063463834844047717e+00
-9.145783636459768218e+00
-1.427428296604876401e+01
-8.862120767204563876e+00
2.955257594558503842e-02
-4.233724632325729154e+00
-8.472552921591971042e+00
-1.579075589913665567e+01
-2.541746087892087047e+01
-1.916342930845765835e+01
-1.238149185730257607e+01
-1.371656504153331468e+01
-4.704104801238007383e+01
-6.841395272370708369e+01
-5.516015049750689769e+01
-2.812173553115806968e+01
-5.633181255727196657e+01
-1.205325331634583250e+02
-1.243726956378543349e+02
-8.749425765779226083e+01
-7.220361755226785760e+01
-1.259505448917607424e+02
-1.746738924850479293e+02
-1.509095262940815303e+02
-9.527257072441226171e+01
-8.504423639833056825e+01
-1.248982050402953519e+02
-1.303428700632764503e+02
-9.780349938044751923e+01
-4.969402940415137948e+01
-1.159670877902382990e+01
-1.049763613873731671e+01
-4.148300588458125304e+01
-3.256059847085869308e+01
3.846802788939572793e+01
8.216572403517562861e+01
4.682672575878353882e+01
7.345554284573989179e+00
8.738523502466140513e+00
5.386872924290398856e+01
7.509564312230557448e+01
6.780144981405581461e+01
2.924303684549391136e+01
-3.956972381602270872e+01
-4.021126756300813554e+01
5.579901093050692396e+01
1.092485579710390482e+02
-4.865142924110097766e+01
-2.357658723511871699e+02
-1.445847872743637481e+02
1.099481215621183594e+02
6.869587613378486424e+01
-3.416176245794366082e+02
-4.439732875536454912e+02
-1.445756711922558679e+02
1.384407394486376006e+02
-5.194367533134600023e+01
-3.227918475976222226e+02
-2.576476681565317222e+02
5.464224477029821259e+01
3.067632479391548941e+02
3.709669022262053204e+02
2.297027422933654748e+02
1.729892344551064411e+02
4.919806730797387786e+02
9.291982180813171226e+02
1.016737686140805408e+03
7.544414769747367018e+02
6.404661155234338139e+02
9.721186683545943197e+02
1.348970811298087483e+03
1.253740600950479575e+03
9.241948701322686475e+02
9.008109615416619818e+02
1.091339336285234822e+03
1.210996155506541754e+03
1.117390179486411171e+03
9.209891983533125313e+02
6.340207289461897062e+02
5.977847777233082525e+02
8.229472568841479188e+02
9.000439877064604843e+02
3.215489400736362882e+02
-3.499045235503657523e+02
-1.616376988404753661e+02
3.940269310110190872e+02
2.437764324828481222e+02
-5.390502326544320795e+02
-9.058748480788113966e+02
-4.229788710156335583e+02
1.364998821515342229e+02
2.725111823081470064e+01
-2.931337279432243008e+02
-2.237807734665265400e+02
2.260202619904105461e+02
8.345256743994174258e+02
1.223582473024838691e+03
1.200549258304850810e+03
1.106339980395499879e+03
1.413327790473787672e+03
2.268665334720097235e+03
2.632344584085110910e+03
2.325174808608193416e+03
2.178831917400462316e+03
2.567191857379727480e+03
3.288974887267896520e+03
3.256698180920070627e+03
2.882906875906873665e+03
2.684207623701677676e+03
2.842536601508090371e+03
2.970813125889297226e+03
2.836383949095549724e+03
3.837495784692020152e+03
2.074865531892578474e+03
1.134670423024922684e+03
-2.174458378250529677e+03
-2.284680638484032443e+03
-3.675916010032730810e+03
-4.314728524415383617e+03
-2.814431097068623785e+03
-2.035982036500245158e+03
-6.544268774084629570e+01
2.554012635062695153e+03
3.603380929796106102e+03
5.654147338929488797e+03
6.366694174508301330e+03
6.400362610923514694e+03
6.527033162790597089e+03
5.177728124375351399e+03
4.262657014982502915e+03
2.494794946045557936e+03
2.808776998016965649e+02
-1.831909936134945838e+03
-3.390511852965077196e+03
-5.025079093988786553e+03
-5.458303858373635194e+03
-5.645109573657122382e+03
-5.172044088263902267e+03
-4.227697314880315389e+03
-3.250877301260992226e+03
-2.054199693763905088e+03
-4.846349516261384451e+02
8.382719810898096284e+02
1.322422046511209146e+03
-4.770728525345172244e+01
-2.508716480641795897e+03
-4.815706016023273150e+03
-5.690857917704985084e+03
-5.903369509429982827e+03
-5.623426867685393518e+03
-4.725671333670256899e+03
-3.635877950766781851e+03
-2.709002013808345055e+03
-2.244034877520473401e+03
-2.305184169961724365e+03
-2.683574043307845386e+03
-2.754005700866170173e+03
-7.537986993111474021e-01
-1.837821590594997057e+00
-2.190472339039476690e+00
-2.983953743101758871e+00
-4.947871623503114158e+00
-7.353364776955840121e+00
-9.035915317029305172e+00
-9.899543980780640240e+00
-1.072399222294312260e+01
-1.229541985975234475e+01
-1.369816818929561464e+01
-1.653569552506668217e+01
-1.566231882876297909e+01
-1.346654371802031491e+01
-2.351236431153257556e+01
-2.075348999571882302e+01
-6.525167146160162801e+00
9.140213181590771896e+00
3.033563808935287653e+01
5.541306156884287049e+01
7.687009991290572941e+01
1.020746537615144121e+02
1.176567262120499180e+02
1.412470819781600539e+02
1.541508165718554437e+02
1.604925237086948755e+02
1.715852332728276224e+02
1.633673015718824786e+02
1.600936211635208792e+02
1.481334544294388991e+02
1.404066814165351218e+02
1.430975899213014770e+02
1.281112484993183216e+02
1.319519266933335757e+02
1.276488705635687495e+02
1.086008923528759311e+02
1.193890872900706626e+02
1.331830174803004354e+02
1.359216378803474186e+02
1.309339498901790932e+02
1.093432953870836855e+02
1.180635033832764407e+02
1.062168251886684516e+02
1.179405182577227009e+02
1.186608864183819776e+02
1.329772753918893500e+02
1.325945565731483953e+02
8.399093677063156349e+01
3.544339104314958178e+01
-4.392515625110105759e+01
-2.855468891146735544e+01
-1.537478208320793804e+01
-8.075785448874383121e+01
-2.048271492028592320e+02
-2.552656214450799723e+02
-2.270393867530935950e+02
-1.060779798514219294e+02
-8.592573997532998931e+01
-1.314539476757610714e+02
-1.720387260841133070e+02
-5.660985374048946994e+01
2.708381394404132720e+02
5.295606079808850382e+02
4.465249725986146245e+02
2.105496225611456396e+02
3.277664413200735112e+02
9.255483050127779734e+02
1.007057965256967577e+03
7.589387011539353125e+02
5.369349644006097151e+02
9.123052578196507056e+02
1.221734932864283110e+03
1.256448011761192220e+03
1.050998901759028968e+03
9.101245097760224780e+02
8.914525257756366727e+02
1.082583366874048806e+03
1.163605722758811453e+03
9.704650220785146075e+02
3.027463013831805370e+02
1.387311060305918033e+02
5.116877939348027553e+02
9.125490364120483946e+02
3.499986107095759849e+02
-4.468731126771590425e+02
-1.942708448886604913e+02
6.484222212295143208e+02
9.020614581198340147e+02
2.769894487823864324e+02
8.639846524119550963e+01
3.540883792998893114e+02
9.131977904366585790e+02
1.272536037181457232e+03
1.124682943961554656e+03
8.153763486202038848e+02
6.700638469814340397e+02
1.388702570480324539e+03
2.187799325815229622e+03
1.842469225477987948e+03
9.372737168388282498e+02
7.726097095695488406e+02
2.026330513288980001e+03
2.468658834185571777e+03
1.713492505279086117e+03
6.952913256372418118e+02
1.078033590648341942e+03
2.078632087078742188e+03
2.063677236639448438e+03
1.319155401493965655e+03
5.411043894374274714e+02
2.333302782375517950e+02
5.046234011202583361e+02
9.591639147861176298e+02
7.099731918175710916e+02
-8.582316949720781167e+02
-1.695284797745410287e+03
-7.984865849869254362e+02
2.510045529230477541e+02
-3.942821242725979687e+02
-1.687821466237725872e+03
-1.575503022838916195e+03
-4.215782635612127365e+02
3.419306853568284623e+02
8.900997393073525643e+01
-3.873446686559474301e+02
-6.608372527358733350e+01
5.314018774633902922e+02
1.393241571779554761e+03
1.844693656885439168e+03
1.280646863379463412e+03
1.115910695904971590e+03
1.785589858119942164e+03
2.802744547355447139e+03
2.962677085560776504e+03
1.929447510303470381e+03
1.812036974919158183e+03
2.788771246959055588e+03
3.623334373363852137e+03
3.028350965149248168e+03
2.084031143148581577e+03
2.068055530592014748e+03
2.658760961148198476e+03
2.599364455214418285e+03
2.041821900203073938e+03
1.178722895511678416e+03
4.764336290850826003e+02
1.955480290133592405e+02
7.579531982704323809e+02
4.788594442456919182e+02
-5.807083355114136793e+02
-1.436250072793447316e+03
-9.097032446133169969e+02
-1.911014764775590038e+02
-3.150280193137202218e+02
-9.285560530931567200e+02
-1.106183032325273643e+03
-2.493657667443383730e+02
1.517728479092607472e+02
4.045522439911077299e+02
2.526355342438725415e+02
3.483854372693850792e+02
6.408811227875004306e+02
1.339051733269296847e+03
1.615021019450743324e+03
1.545347793149976496e+03
1.351442904868173400e+03
1.587039957593332474e+03
2.047216626250192121e+03
2.334185473050497876e+03
1.911854072683747063e+03
3.723074821611122843e+03
4.526786269324672503e+03
3.424953955227260849e+03
3.095680838392403075e+03
2.083115166290810976e+03
6.760172223860473650e+02
-3.094321487350242137e+02
-1.113040023185822520e+03
-2.199389948948095935e+03
-1.848152683498576607e+03
-2.226173377032268945e+03
-1.432517764683545920e+03
-1.015922922247625479e+03
-6.866375031174088690e+02
4.574312628805355985e+01
7.312037596090660827e+02
9.918348206530439484e+02
1.136851656969615760e+03
1.331197718615510894e+03
1.165662944898539763e+03
1.374684256371438778e+03
1.003638454050248697e+03
7.410420218827567851e+02
1.420354005279071998e+02
-9.240370116321594551e+00
-3.537837722243208987e+02
-5.950093552615339831e+02
-7.583485003574296570e+02
-6.177276805672287310e+02
-3.290355749161900434e+01
-7.442916857179970691e+01
-1.438993706474668102e+02
-2.203018221568132446e+02
-3.330145240447179731e+02
-4.244420886336820331e+02
-5.740082589728081075e+02
-7.169107700331758224e+02
-8.054643771844034745e+02
-9.294210162655740533e+02
-1.038579258988853098e+03
-1.135330402283865851e+03
-1.229859577070201794e+03
-1.281033999886780066e+03
-2.523339162016610317e+03
-2.819509551275079048e+03
-2.839021114773115187e+03
-2.896683742837918089e+03
-2.752320235609684005e+03
-2.627104302682859725e+03
-2.522806952322554935e+03
-2.346700148972647185e+03
-2.173442851595872071e+03
-1.925991287727152667e+03
-1.639181444132260594e+03
-1.549832958481791138e+03
-1.187532055730624961e+03
-9.556239165148522261e+02
-9.066918820335994269e+02
-7.411933419720887741e+02
-6.707798326959572250e+02
-8.152393372229111037e+02
-7.092709121141140258e+02
-7.428420095236044745e+02
-8.815576510639239132e+02
-7.202813928922157629e+02
-9.828574136568693120e+02
-1.170798830334911599e+03
-1.182010871278701416e+03
-1.207795067050365105e+03
-9.858548881918245570e+02
-1.004328867925928876e+03
-8.770725558148109258e+02
-9.933501768052141188e+02
-9.516892250832163427e+02
-1.000945372983600237e+03
-9.744505168384309854e+02
-9.347398002401217809e+02
-8.971497473344819582e+02
-8.880602578206189719e+02
-8.942020782731040072e+02
-1.001442564889043069e+03
-1.209817105859005324e+03
-1.592219120550518483e+03
-1.518266800465505639e+03
-1.224172529882185927e+03
-1.007587327723243675e+03
-2.112937841221648341e+03
-2.717074996321626713e+03
-1.937027724636232506e+03
-5.832692108498549715e+02
-1.548471285334503364e+03
-3.584904864584336337e+03
-3.468569638599261452e+03
-1.905542037002371899e+03
-1.158489721161583475e+03
-2.306510931663442534e+03
-3.038650509170998703e+03
-3.090062410865131824e+03
-2.070691543141555485e+03
-1.541396569135908067e+03
-1.283288025141181606e+03
-2.034697617460841002e+03
-2.087964519407414173e+03
-1.423188223091056443e+03
6.494644998534187152e+01
-2.002924741348276427e+01
-8.999874113616318709e+02
-1.276793116935422177e+03
-7.840388717800738050e+02
-1.221432165532781937e+02
-2.386565933685643586e+02
-3.673902767746575364e+02
-1.543521979161216450e+03
-2.183712802338371603e+03
-1.234955800876539570e+03
9.680425602106794258e+01
-4.766867733476006492e+02
-3.174366917772578745e+03
-2.778909596695722030e+03
-5.225967355098732696e+02
3.022268456535103383e+02
-1.529188017042672072e+03
-3.311893626186794336e+03
-1.410622915953512120e+03
6.270484905276836116e+02
5.637146189593264580e+02
-1.453270165326903225e+03
-1.603568134168454662e+03
-7.833521119606854199e+01
9.378611467754649311e+02
5.208270781080020697e+02
2.025058412892640547e+02
-2.354890909779500134e+02
4.374081956799556110e+02
1.761243118361591769e+03
1.751637298021921652e+03
1.044926347584470932e+03
2.831180114517933362e+02
8.712860320845217075e+02
2.254311559677612877e+03
2.134913316778216540e+03
9.731156982424798798e+02
5.740313593937474934e+02
5.490452995523243089e+02
7.517125105209971707e+02
6.932121255605167107e+02
2.040853301274849230e+02
-2.363539464904722252e+02
-4.606351829236341473e+02
-4.369882590887826836e+02
2.073657120087860051e+02
-4.150949418048976725e+01
-8.385519765432754866e+02
-1.102819610825373047e+03
-4.381582061498514804e+02
1.488938025903450750e+02
-1.718281458846313114e+02
-7.964128775767325124e+02
-4.479327341048804669e+02
2.510611614318284524e+02
2.435779236044516267e+02
2.439271486476913608e+01
-3.832561862505460226e+01
3.087020050565694191e+02
6.376974007072891482e+02
6.971318486657822859e+02
4.690678834310034517e+02
5.575669277968842152e+02
5.736520368047582679e+02
9.622997056155298878e+02
1.248167511390732670e+03
1.141887089419895119e+03
7.276554198083600795e+02
7.593894033500002934e+02
1.009497854635967883e+03
1.097186833797551799e+03
9.094061549312611987e+02
6.719615141463577856e+02
5.687159535621826763e+02
5.703849636515482189e+02
5.066255814485985525e+02
3.510087210311104400e+02
2.397645219770601841e+02
5.199803502871423433e+01
7.554632481504657449e+01
1.445639100602776637e+02
7.104309176404406401e+01
-3.701909539758270284e+01
-6.711476670660135824e+01
-5.517652854197318391e+01
8.671822408320085174e+01
-7.919921924512280498e+00
1.027944287152096692e+01
-3.302875436588738012e+01
1.532838748647716898e+02
8.427057229284805828e+01
7.777850696633625205e+01
8.607131922163411275e+01
1.023994966838361336e+02
3.267820191402366845e+02
3.950464101022908494e+02
5.456793401338891272e+02
5.837573468335509688e+02
5.665895660834728460e+02
7.206351365260979946e+02
5.846461465031137550e+02
3.563134714624168851e+02
3.541720841262923045e+02
2.598302336550336236e+02
1.882505732008560244e+02
6.767732092533068844e+00
-3.501769613639824996e+01
-8.543765060766391173e+01
1.326420096078267719e+01
-1.843870465528329561e+01
1.188749648693398342e+01
1.231553874459071380e+02
3.699497610119756530e+01
1.128410972007548594e+02
1.459009328929091680e+02
1.464649149309962581e+02
3.907244997362038674e+01
1.219577493147851044e+02
3.043624073645676020e+01
6.398875498290447439e+01
9.244954805858969848e+01
8.250620659733067797e+00
4.059122865171507755e+01
