-1.774538545653755739e-01
-2.548921518679024834e-01
-3.174432035709029987e-01
-3.606950382689214640e-01
-4.284721151046975152e-01
-4.596495677163102700e-01
-4.871350867504263826e-01
-5.184019425336601206e-01
-5.393795488970029028e-01
-5.533828853458155894e-01
-5.683123239224348033e-01
-5.623689596916391364e-01
-5.500250384744090892e-01
-5.618813034373950632e-01
-9.741375314039648625e-01
-8.924918657419957935e-01
-8.302922750042859290e-01
-8.179623710113104185e-01
-7.422870237237568780e-01
-7.366343121688755380e-01
-6.823481799062862674e-01
-7.170841058953806302e-01
-7.800053698808083746e-01
-8.492387644856583817e-01
-7.759021654002316026e-01
-8.654080977286198184e-01
-7.788676321840530825e-01
-8.427622710368278813e-01
-6.871093821059066631e-01
-6.513672917990503963e-01
-7.684889397407319578e-01
-8.358979651856037751e-01
-1.062539687247686659e+00
-1.199141932369857999e+00
-1.667495644035867475e+00
-2.286530341965027802e+00
-2.513590426937320821e+00
-2.396367098367967685e+00
-1.467367851509762566e+00
-4.903787848445289033e-01
-9.349486259701018653e-01
-1.815237985734077242e+00
-3.803223212447032431e+00
-7.345054952487964250e+00
-1.308280288281916270e+01
-1.697360224190429534e+01
-2.101505175563286798e+01
-2.323941192944021950e+01
-2.597570446422579238e+01
-3.058908633574279534e+01
-4.030674663159423687e+01
-4.126126422474937527e+01
-3.420652050894799601e+01
-1.862256393992083758e+01
-1.693125764124788191e+01
-2.118888609788799826e+01
-1.544037751951172233e+01
7.255550266100583734e+00
1.502979979389653664e+01
5.707550080307589369e+00
-9.603327234210922825e+00
-8.290324362722225615e+00
7.706364159238062506e+00
5.089746844954842864e+00
-3.890927354350287359e+00
-1.437496736721493740e+01
-2.182605913072971049e+01
-1.154982860033154246e+01
-3.078636482277780306e+00
-1.611620070477033195e+01
-6.229568828675625269e+01
-9.893225997172355335e+01
-8.590545782372110750e+01
-6.208861527453797180e+01
-1.178264353946283478e+02
-2.395820525000186763e+02
-2.648871402173307956e+02
-2.216663128485205903e+02
-2.025875606163111229e+02
-2.582948278678767338e+02
-3.268739819320062452e+02
-3.236953239820340400e+02
-2.736706120522578090e+02
-2.144569665722738137e+02
-2.012418483590668643e+02
-2.280900680613962663e+02
-2.472186266388184208e+02
-1.860597938003585057e+02
-7.626312064753348352e+01
-5.755255559019548173e+01
-1.147757088202545503e+02
-1.306815183881360838e+02
-3.084703460678476716e+01
5.526386572275610831e+01
1.926307881350352957e+01
-4.618639820852973088e+01
-4.876087907887761475e+01
3.146166123936456316e+01
7.387280029831235595e+01
5.723407243863074711e+01
-7.937448420823182360e+00
-8.362199640917648935e+01
-5.987951278733024907e+01
5.322427509598966111e+01
7.844773730669039935e+01
-1.796884922123793729e+02
-4.825071827185863640e+02
-3.303034947121348068e+02
-1.575856857126750654e+01
-1.315419495323323815e+02
-8.128881358830426507e+02
-1.014382694383578269e+03
-5.541403249998193132e+02
-9.609788291759768697e+01
-3.340071715459361599e+02
-6.989416079039550596e+02
-6.318401166134373170e+02
-1.780983226192457778e+02
3.192113931747396123e+02
5.494515330347934423e+02
3.754786250677493626e+02
1.460988594467746964e+02
5.524785679061367318e+02
1.277166650197448234e+03
1.491141595845499978e+03
1.006515707088929730e+03
7.519960650793332206e+02
1.263957572642891819e+03
1.844512440854105080e+03
1.680686354377102589e+03
1.149280432470100777e+03
1.054287394682232843e+03
1.361354542345639629e+03
1.525219491829723438e+03
1.370694067178823161e+03
9.772396762124456018e+02
5.170172724089577514e+02
4.308635372758295148e+02
7.631987685845155056e+02
7.983166495208745346e+02
-1.320899484022594095e+02
-1.264715855662472904e+03
-1.086620406415346679e+03
-2.248578505578711884e+02
-4.762577963868006350e+02
-1.719475721711390634e+03
-2.327051456707721172e+03
-1.497557206281155231e+03
-5.286601183602506353e+02
-5.890769894271643352e+02
-9.504232613934374285e+02
-8.818617915808066527e+02
-2.040857761539463411e+02
7.276453866469130389e+02
1.554032068816509081e+03
1.617892125702700696e+03
1.314492104229579581e+03
1.754469082350080726e+03
3.029510020412508766e+03
3.665608558338485636e+03
3.135425760003645792e+03
2.814272519099428791e+03
3.489853306201517171e+03
4.497918639426316986e+03
4.494843561530541592e+03
3.816322911470522740e+03
3.494528519050320938e+03
3.692716234029382576e+03
3.877223724963745553e+03
3.643587752749016545e+03
4.363497637305556964e+03
1.337707126788657661e+03
-1.580573298675105889e+02
-5.518654849463683604e+03
-5.594957523068809678e+03
-7.376510164420122237e+03
-7.804438645627649748e+03
-4.706035794807457933e+03
-3.165128176526611696e+03
4.643365453015465505e+02
4.975302754841299247e+03
6.707122348991718354e+03
1.002483559616173807e+04
1.105085020539592188e+04
1.102188464686651059e+04
1.114858506396244957e+04
9.105256622430548305e+03
7.325511280675845228e+03
4.861907010743057072e+03
1.030212352183216353e+03
-2.355878572794151296e+03
-4.863296696022566721e+03
-6.905560632279859419e+03
-7.719406494000594648e+03
-7.785814389345958261e+03
-6.619718199047796588e+03
-5.187705192889351565e+03
-3.570097326002899536e+03
-1.468263457555030982e+03
6.861255893284840113e+02
3.996512856125114922e+03
4.636263365105491175e+03
1.799608518582622537e+03
-2.264361643507860663e+03
-6.217536772784412278e+03
-7.647441859771391137e+03
-7.970118960126919774e+03
-7.600237419192811103e+03
-6.169284276380150914e+03
-4.479732163510239843e+03
-3.086578468740744938e+03
-2.621333798014824424e+03
-2.871900092871150719e+03
-3.579674164743733854e+03
-3.629955925375024435e+03
