0.000000000000000000e+00
0.000000000000000000e+00
0.000000000000000000e+00
0.000000000000000000e+00
0.000000000000000000e+00
0.000000000000000000e+00
0.000000000000000000e+00
0.000000000000000000e+00
0.000000000000000000e+00
0.000000000000000000e+00
0.000000000000000000e+00
0.000000000000000000e+00
0.000000000000000000e+00
0.000000000000000000e+00
0.000000000000000000e+00
0.000000000000000000e+00
0.000000000000000000e+00
0.000000000000000000e+00
0.000000000000000000e+00
0.000000000000000000e+00
0.000000000000000000e+00
0.000000000000000000e+00
0.000000000000000000e+00
0.000000000000000000e+00
0.000000000000000000e+00
0.000000000000000000e+00
0.000000000000000000e+00
0.000000000000000000e+00
-3.119699144533067889e-02
-3.327679087501939081e-02
-3.542368060889160980e-02
-3.763766064694733238e-02
-3.991873098918656548e-02
-4.561990218090300475e-02
-4.822675373409746058e-02
-5.090601783043620376e-02
-5.365769446991924124e-02
-5.648178365254657302e-02
-5.758925374516381951e-02
-6.046871643242201361e-02
-6.341840991693040164e-02
-6.643833419868898360e-02
-6.952848927769778031e-02
-6.613274838057284222e-02
-6.907198164193163736e-02
-7.207511127853735711e-02
-7.514213729039001533e-02
-7.827305967748959814e-02
-7.923160939209417108e-02
-8.240087376777793793e-02
-8.563228058220061223e-02
-8.892582983536216623e-02
-9.228152152726262769e-02
-8.559375263399247868e-02
-8.870625272977403220e-02
-9.187433318440881014e-02
-9.509799399789684027e-02
-9.837723517023810871e-02
-9.124434071169705562e-02
-9.428581873542030145e-02
-9.737715705461440219e-02
-1.005183556692793856e-01
-1.037094145794152378e-01
-9.758421823033794351e-02
-1.005868095605021856e-01
-1.036348946986992425e-01
-1.067284736449290589e-01
-1.098675463991916762e-01
-1.019671494111108606e-01
-1.048804965371425979e-01
-1.078348767212874565e-01
-1.108302899635454364e-01
-1.138667362639165515e-01
-1.050027445562965595e-01
-1.078028177444644714e-01
-1.106397340008977576e-01
-1.135134933255963902e-01
-1.164240957185604108e-01
-1.081863648359981667e-01
-1.108910239568981215e-01
-1.136290739311425074e-01
-1.164005147587313660e-01
-1.192053464396646417e-01
-1.073626820408953159e-01
-1.098888627947987584e-01
-1.124444177435149905e-01
-1.150293468870440677e-01
-1.176436502253859900e-01
-1.052747152396683872e-01
-1.076141533561054686e-01
-1.099792995837121784e-01
-1.123701539224885304e-01
-1.147867163724345108e-01
-1.077904393636736069e-01
-1.100597117713298795e-01
-1.123526224332326018e-01
-1.146691713493817183e-01
-1.170093585197772568e-01
-1.000486990764698492e-01
-1.020496730579992517e-01
-1.040704586631081424e-01
-1.061110558917965491e-01
-1.081714647440644300e-01
-1.102516852199118269e-01
-1.123517173193387259e-01
-1.144715610423450991e-01
-1.166112163889310022e-01
-9.225139631930316664e-02
-9.394408249029956304e-02
-9.565215671739592251e-02
-9.737561900059223119e-02
-9.911446933988853070e-02
-1.008687077352847933e-01
-1.026383341867810051e-01
-1.044233486943771938e-01
-1.062237512580733595e-01
-8.628983025896785897e-02
-8.775236975488255597e-02
-8.922719949866210476e-02
-9.071431949030647757e-02
-9.221372972981567440e-02
-9.372543021718970913e-02
-9.524942095242856788e-02
-9.678570193553223677e-02
-9.833427316650075745e-02
-8.540668711242910272e-02
-8.675167431105003379e-02
-8.810716922216019209e-02
-8.947317184575956373e-02
-9.084968218184817645e-02
-9.223670023042601640e-02
-9.363422599149308356e-02
-9.504225946504936406e-02
-9.646080065109488566e-02
-7.782068324342245047e-02
-7.896510505582572670e-02
-8.011788031211514172e-02
-8.127900901229072328e-02
-8.244849115635247139e-02
-8.362632674430035828e-02
-8.481251577613441173e-02
-8.600705825185460396e-02
-8.720995417146096274e-02
-7.750384368875848362e-02
-7.857286222239653894e-02
-7.964920280078552350e-02
-8.073286542392546505e-02
-8.182385009181634972e-02
-8.292215680445817749e-02
-8.402778556185096226e-02
-8.514073636399467626e-02
-8.626100921088934725e-02
-7.201890295440821488e-02
-7.295421338238754216e-02
-7.389555807119253805e-02
-7.484293702082321642e-02
-7.579635023127956339e-02
-7.675579770256157897e-02
-7.772127943466927702e-02
-7.869279542760264368e-02
-7.967034568136167894e-02
-7.589795979947781823e-02
-7.682922310990085435e-02
-7.776616485514355193e-02
-7.870878503520589708e-02
-7.965708365008788983e-02
-8.061106069978954403e-02
-8.157071618431084581e-02
-8.253605010365180905e-02
-8.350706245781241988e-02
-8.276577155695341581e-02
-8.372816424947612801e-02
-8.469611990553943537e-02
-8.566963852514335176e-02
-8.664872010828783555e-02
-8.763336465497292838e-02
-8.862357216519861636e-02
-8.961934263896489949e-02
-9.062067607627176391e-02
-9.031678250100583227e-02
-9.131475799825451711e-02
-9.231821687735622395e-02
-9.332715913831092502e-02
-9.434158478111866197e-02
-9.536149380577940704e-02
-9.638688621229316023e-02
-9.741776200065993541e-02
-9.845412117087971871e-02
-8.268725099807477941e-02
-8.355764311384399068e-02
-8.443259225639733467e-02
-8.531209842573479751e-02
-8.619616162185640695e-02
-8.708478184476213524e-02
-8.797795909445201012e-02
-8.887569337092600386e-02
-8.977798467418414419e-02
-9.239860258820249694e-02
-9.332723175994322995e-02
-9.426050407754266169e-02
-9.519841954100080605e-02
-9.614097815031763528e-02
-9.708817990549317711e-02
-9.804002480652743157e-02
-9.899651285342037088e-02
-9.995764404617202281e-02
-8.330118708250953963e-02
-8.410216003522597017e-02
-8.490696539441473789e-02
-8.571560316007582891e-02
-8.652807333220925712e-02
-8.734437591081499475e-02
-8.816451089589308343e-02
-8.898847828744346766e-02
-8.981627808546620295e-02
-9.027646516597642723e-02
-9.110850631957989609e-02
-9.194436417572283970e-02
-9.278403873440524419e-02
-9.362752999562709566e-02
-9.447483795938843576e-02
-9.532596262568922285e-02
-9.618090399452949857e-02
-9.703966206590922128e-02
-7.370948188277026691e-02
-7.436177818261778538e-02
-7.501694803444701465e-02
-7.567499143825796859e-02
-7.633590839405060557e-02
-7.699969890182496723e-02
-7.766636296158102581e-02
-7.833590057331878131e-02
-7.900831173703826149e-02
-6.996868100556911940e-02
-7.056415914178672255e-02
-7.116216049044593595e-02
-7.176268505154674571e-02
-7.236573282508916571e-02
-7.297130381107316821e-02
-7.357939800949876707e-02
-7.419001542036597618e-02
-7.480315604367479554e-02
-8.265195135491727740e-02
-8.332942636602314046e-02
-8.400966658125599840e-02
-8.469267200061579570e-02
-8.537844262410256013e-02
-8.606697845171629169e-02
-8.675827948345699037e-02
-8.745234571932464229e-02
-8.814917715931926134e-02
-9.000538700291425831e-02
-9.071689203851041050e-02
-9.143119827503412567e-02
-9.214830571248537605e-02
-9.286821435086416165e-02
-9.359092419017049636e-02
-9.431643523040438015e-02
-9.504474747156579917e-02
-9.577586091365476728e-02
-1.145317848028325064e-01
-1.154060732364419056e-01
-1.162836859606733997e-01
-1.171646229755270024e-01
-1.180488842810026584e-01
-1.189364698771004231e-01
-1.198273797638202826e-01
-1.207216139411622230e-01
-1.216191724091262444e-01
-1.293857224059473121e-01
-1.303405985860650040e-01
-1.312989853403743190e-01
-1.322608826688752293e-01
-1.332262905715677626e-01
-1.341952090484518911e-01
-1.351676380995276150e-01
-1.361435777247949619e-01
-1.371230279242539041e-01
-1.800891633349009646e-01
-1.813755145015788217e-01
-1.826664434304156870e-01
-1.839619501214115604e-01
-1.852620345745664143e-01
-1.865666967898802486e-01
-1.878759367673530911e-01
-1.891897545069849418e-01
-1.905081500087757729e-01
-2.471620221891471791e-01
-2.488724860105253345e-01
-2.505888479830117310e-01
-2.523111081066063410e-01
-2.540392663813090812e-01
-2.557733228071200626e-01
-2.575132773840392852e-01
-2.592591301120666381e-01
-2.610108809912022321e-01
-2.719307032432294324e-01
-2.737557415200296274e-01
-2.755868836037756453e-01
-2.774241294944674863e-01
-2.792674791921051503e-01
-2.811169326966886373e-01
-2.829724900082178918e-01
-2.848341511266930248e-01
-2.867019160521139809e-01
-2.594508573366877124e-01
-2.611410909349723419e-01
-2.628368123046799232e-01
-2.645380214458105672e-01
-2.662447183583641630e-01
-2.679569030423407661e-01
-2.696745754977404319e-01
-2.713977357245630495e-01
-2.731263837228086744e-01
-1.589862768743763866e-01
-1.599925191330749674e-01
-1.610019356575738414e-01
-1.620145264478730640e-01
-1.630302915039725797e-01
-1.640492308258724163e-01
-1.650713444135725461e-01
-1.660966322670729967e-01
-1.671250943863737681e-01
-5.316840353900248450e-02
-5.349559371462711543e-02
-5.382378754109722052e-02
-5.415298501841279977e-02
-5.448318614657385317e-02
-5.481439092558038073e-02
-5.514659935543238245e-02
-5.547981143612986527e-02
-5.581402716767281530e-02
-1.014366378678080438e-01
-1.020440428849805486e-01
-1.026532610514580418e-01
-1.032642923672405233e-01
-1.038771368323280070e-01
-1.044917944467204790e-01
-1.051082652104179532e-01
-1.057265491234204019e-01
-1.063466461857278528e-01
-1.970656498078280638e-01
-1.982147206521885641e-01
-1.993671318187710539e-01
-2.005228833075755335e-01
-2.016819751186019749e-01
-2.028444072518504060e-01
-2.040101797073207990e-01
-2.051792924850132094e-01
-2.063517455849275817e-01
-4.131289981937203981e-01
-4.154763220470938379e-01
-4.178302955431113519e-01
-4.201909186817729958e-01
-4.225581914630787694e-01
-4.249321138870286729e-01
-4.273126859536226507e-01
-4.296999076628607583e-01
-4.320937790147429958e-01
-7.983120597661552686e-01
-8.027348412607046013e-01
-8.071698403836919944e-01
-8.116170571351173368e-01
-8.160764915149805176e-01
-8.205481435232817589e-01
-8.250320131600210605e-01
-8.295281004251983115e-01
-8.340364053188135118e-01
-1.422690426063792923e+00
-1.430380644583056693e+00
-1.438091591454124352e+00
-1.445823266676996122e+00
-1.453575670251671559e+00
-1.461348802178151107e+00
-1.469142662456434545e+00
-1.476957251086521872e+00
-1.484792568068413310e+00
-1.846735227768553589e+00
-1.856480532400577532e+00
-1.866251482571106957e+00
-1.876048078280141640e+00
-1.885870319527681804e+00
-1.895718206313727228e+00
-1.905591738638277688e+00
-1.915490916501333629e+00
-1.925415739902894829e+00
-2.287556716877965801e+00
-2.299348246346409219e+00
-2.311170088229938191e+00
-2.323022242528553161e+00
-2.334904709242254128e+00
-2.346817488371041094e+00
-2.358760579914914501e+00
-2.370733983873873463e+00
-2.382737700247917978e+00
-2.530858226069408357e+00
-2.543608141565980141e+00
-2.556390092026110228e+00
-2.569204077449799950e+00
-2.582050097837049307e+00
-2.594928153187857411e+00
-2.607838243502224707e+00
-2.620780368780151637e+00
-2.633754529021637314e+00
-2.830104082733391646e+00
-2.844045482155723281e+00
-2.858021135630690157e+00
-2.872031043158291830e+00
-2.886075204738527855e+00
-2.900153620371398677e+00
-2.914266290056904296e+00
-2.928413213795044712e+00
-2.942594391585819480e+00
-3.334154017351463661e+00
-3.350222229483278191e+00
-3.366329067125024554e+00
-3.382474530276703195e+00
-3.398658618938314113e+00
-3.414881333109857309e+00
-3.431142672791332782e+00
-3.447442637982740976e+00
-3.463781228684080560e+00
-4.395144855166796205e+00
-4.415876670521356573e+00
-4.436657266617927142e+00
-4.457486643456509690e+00
-4.478364801037101550e+00
-4.499291739359704501e+00
-4.520267458424318541e+00
-4.541291958230943671e+00
-4.562365238779579002e+00
-4.500978859893953299e+00
-4.521768600586304032e+00
-4.542606243906978314e+00
-4.563491789855976144e+00
-4.584425238433296634e+00
-4.605406589638941561e+00
-4.626435843472909148e+00
-4.647512999935200284e+00
-4.668638059025814968e+00
-3.732806534167896206e+00
-3.749697061471823467e+00
-3.766625716376887922e+00
-3.783592498883090460e+00
-3.800597408990429749e+00
-3.817640446698907120e+00
-3.834721612008522129e+00
-3.851840904919274333e+00
-3.868998325431164176e+00
-2.032926830254550676e+00
-2.041942026841045088e+00
-2.050977168552731378e+00
-2.060032255389608657e+00
-2.069107287351677371e+00
-2.078202264438937519e+00
-2.087317186651389100e+00
-2.096452053989031672e+00
-2.105606866451866122e+00
-1.848932743912161225e+00
-1.856971581929170556e+00
-1.865027857772681097e+00
-1.873101571442692848e+00
-1.881192722939205364e+00
-1.889301312262219312e+00
-1.897427339411734026e+00
-1.905570804387750172e+00
-1.913731707190267306e+00
-2.314642492042358946e+00
-2.324513035718445586e+00
-2.334404580551290298e+00
-2.344317126540892193e+00
-2.354250673687252160e+00
-2.364205221990369310e+00
-2.374180771450244531e+00
-2.384177322066877380e+00
-2.394194873840267412e+00
-1.687221923598297479e+00
-1.694281429554775675e+00
-1.701355673519513667e+00
-1.708444655492511677e+00
-1.715548375473769482e+00
-1.722666833463287306e+00
-1.729800029461064703e+00
-1.736947963467102340e+00
-1.744110635481399552e+00
7.930819195037458469e-01
7.963389294401063134e-01
7.996026135771558963e-01
8.028729719148947064e-01
8.061500044533228548e-01
8.094337111924403416e-01
8.127240921322469447e-01
8.160211472727428861e-01
8.193248766139280548e-01
1.643347707221374909e+00
1.649974109266622468e+00
1.656613844112765799e+00
1.663266911759804900e+00
1.669933312207739995e+00
1.676613045456571083e+00
1.683306111506297720e+00
1.690012510356920572e+00
1.696732242008438973e+00
6.242377157817461386e-01
6.267099443590996577e-01
6.291870587636810841e-01
6.316690589954904178e-01
6.341559450545278809e-01
6.366477169407931402e-01
6.391443746542864179e-01
6.416459181950077140e-01
6.441523475629570283e-01
-1.050610360792801901e+00
-1.054698338850361461e+00
-1.058794254729391815e+00
-1.062898108429893407e+00
-1.067009899951865792e+00
-1.071129629295309416e+00
-1.075257296460223833e+00
-1.079392901446609265e+00
-1.083536444254465936e+00
-9.072083659774502484e-01
-9.106776140309013057e-01
-9.141534827867444646e-01
-9.176359722449797252e-01
-9.211250824056069764e-01
-9.246208132686264403e-01
-9.281231648340378948e-01
-9.316321371018414510e-01
-9.351477300720369978e-01
8.435226043049223188e-01
8.466937419150912802e-01
8.498708291267802473e-01
8.530538659399891088e-01
8.562428523547179759e-01
8.594377883709669597e-01
8.626386739887359489e-01
8.658455092080248328e-01
8.690582940288339442e-01
5.572516323977571018e-01
5.593117123696527138e-01
5.613755932271052851e-01
5.634432749701148158e-01
5.655147575986814168e-01
5.675900411128050882e-01
5.696691255124856079e-01
5.717520107977231980e-01
5.738386969685178585e-01
-4.261011801205708549e-01
-4.276506389573729305e-01
-4.292029098791783071e-01
-4.307579928859869289e-01
-4.323158879777987962e-01
-4.338765951546139643e-01
-4.354401144164324333e-01
-4.370064457632540922e-01
-4.385755891950790519e-01
-1.574590315731614787e+00
-1.580223912567863875e+00
-1.585867569398463406e+00
-1.591521286223413378e+00
-1.597185063042713793e+00
-1.602858899856364649e+00
-1.608542796664365948e+00
-1.614236753466717689e+00
-1.619940770263419871e+00
-2.391299294672160070e+00
-2.399719362611146600e+00
-2.408154228560570598e+00
-2.416603892520432506e+00
-2.425068354490731437e+00
-2.433547614471468279e+00
-2.442041672462642588e+00
-2.450550528464254807e+00
-2.459074182476304493e+00
-1.265694818381057685e+00
-1.270081975463834167e+00
-1.274476722783778326e+00
-1.278879060340889717e+00
-1.283288988135169006e+00
-1.287706506166615306e+00
-1.292131614435229059e+00
-1.296564312941010266e+00
-1.301004601683958928e+00
-3.374456418494506393e-01
-3.385973334598583184e-01
-3.397509870661951092e-01
-3.409066026684611228e-01
-3.420641802666562481e-01
-3.432237198607804851e-01
-3.443852214508338894e-01
-3.455486850368164609e-01
-3.467141106187281441e-01
-1.766840129696986672e+00
-1.772779088116136270e+00
-1.778728011230620076e+00
-1.784686899040437869e+00
-1.790655751545589647e+00
-1.796634568746075855e+00
-1.802623350641896049e+00
-1.808622097233050674e+00
-1.814630808519539062e+00
-6.830918459534522036e+00
-6.853537394830993890e+00
-6.876193716797376787e+00
-6.898887425433671616e+00
-6.921618520739878377e+00
-6.944387002715996182e+00
-6.967192871362025919e+00
-6.990036126677967587e+00
-7.012916768663819411e+00
-1.085033217787364279e+01
-1.088573293538709486e+01
-1.092119134885741261e+01
-1.095670741828459072e+01
-1.099228114366863274e+01
-1.102791252500953334e+01
-1.106360156230730141e+01
-1.109934825556192806e+01
-1.113515260477341862e+01
-9.423395701224112742e+00
-9.453696008945088991e+00
-9.484044952794031147e+00
-9.514442532770935657e+00
-9.544888748875802520e+00
-9.575383601108631737e+00
-9.605927089469425084e+00
-9.636519213958180785e+00
-9.667159974574900616e+00
-6.812051024145358014e+00
-6.833642311068164332e+00
-6.855267761419646000e+00
-6.876927375199802128e+00
-6.898621152408634494e+00
-6.920349093046142208e+00
-6.942111197112325272e+00
-6.963907464607182796e+00
-6.985737895530716557e+00
-1.292961761365376638e+01
-1.297002266869643528e+01
-1.301049075814634648e+01
-1.305102188200350000e+01
-1.309161604026789583e+01
-1.313227323293953575e+01
-1.317299346001841620e+01
-1.321377672150454252e+01
-1.325462301739791116e+01
-2.629493587737722038e+01
-2.637596803724587247e+01
-2.645712486197585989e+01
-2.653840635156718264e+01
-2.661981250601984428e+01
-2.670134332533383770e+01
-2.678299880950917355e+01
-2.686477895854584119e+01
-2.694668377244384772e+01
-2.907713139473441544e+01
-2.916551173332023339e+01
-2.925402618471119354e+01
-2.934267474890728522e+01
-2.943145742590851910e+01
-2.952037421571488807e+01
-2.960942511832639568e+01
-2.969861013374304193e+01
-2.978792926196482682e+01
-2.433667655451425205e+01
-2.440965009740634883e+01
-2.448273288212912036e+01
-2.455592490868257016e+01
-2.462922617706669826e+01
-2.470263668728150108e+01
-2.477615643932698219e+01
-2.484978543320314159e+01
-2.492352366890997573e+01
-2.224556053610699635e+01
-2.231137580396530140e+01
-2.237728828787657065e+01
-2.244329798784081120e+01
-2.250940490385801240e+01
-2.257560903592818491e+01
-2.264191038405132161e+01
-2.270830894822742607e+01
-2.277480472845649473e+01
-2.836700498121973979e+01
-2.844982835342768013e+01
-2.853277245941434970e+01
-2.861583729917974495e+01
-2.869902287272387653e+01
-2.878232918004673024e+01
-2.886575622114831674e+01
-2.894930399602862892e+01
-2.903297250468767032e+01
-3.590406212302588784e+01
-3.600753204268878704e+01
-3.611115083993393426e+01
-3.621491851476132950e+01
-3.631883506717097987e+01
-3.642290049716287115e+01
-3.652711480473701045e+01
-3.663147798989340487e+01
-3.673599005263204020e+01
-3.556013858684281104e+01
-3.566130541070296545e+01
-3.576261593743791423e+01
-3.586407016704766448e+01
-3.596566809953222332e+01
-3.606740973489157653e+01
-3.616929507312573122e+01
-3.627132411423469449e+01
-3.637349685821845213e+01
-3.006888747314111399e+01
-3.015335064020050027e+01
-3.023793226892476227e+01
-3.032263235931391065e+01
-3.040745091136793121e+01
-3.049238792508683815e+01
-3.057744340047062437e+01
-3.066261733751928986e+01
-3.074790973623283463e+01
-2.356622303693439946e+01
-2.363159397462353439e+01
-2.369705545377761879e+01
-2.376260747439664556e+01
-2.382825003648061468e+01
-2.389398314002952262e+01
-2.395980678504338002e+01
-2.402572097152217978e+01
-2.409172569946592191e+01
-2.211705304323759691e+01
-2.217764770910947902e+01
-2.223832526782113206e+01
-2.229908571937255601e+01
-2.235992906376375089e+01
-2.242085530099471669e+01
-2.248186443106544985e+01
-2.254295645397595393e+01
-2.260413136972622894e+01
-2.507107964966452585e+01
-2.513893101542816666e+01
-2.520687407222661847e+01
-2.527490882005989192e+01
-2.534303525892797637e+01
-2.541125338883087892e+01
-2.547956320976859601e+01
-2.554796472174112765e+01
-2.561645792474847738e+01
-2.717716591900643408e+01
-2.724983213804121007e+01
-2.732259537472489797e+01
-2.739545562905749421e+01
-2.746841290103900945e+01
-2.754146719066942950e+01
-2.761461849794876855e+01
-2.768786682287701240e+01
-2.776121216545416814e+01
-2.045646042428230871e+01
-2.051050655486165297e+01
-2.056462398640482547e+01
-2.061881271891181910e+01
-2.067307275238263742e+01
-2.072740408681728397e+01
-2.078180672221575520e+01
-2.083628065857805112e+01
-2.089082589590417172e+01
-8.385833135709891195e+00
-8.407728261390596813e+00
-8.429651933519386020e+00
-8.451604152096258815e+00
-8.473584917121216975e+00
-8.495594228594258723e+00
-8.517632086515385836e+00
-8.539698490884596538e+00
-8.561793441701892604e+00
-6.329198289143838529e+00
-6.345531704083565039e+00
-6.361886167238418821e+00
-6.378261678608402541e+00
-6.394658238193514421e+00
-6.411075845993754463e+00
-6.427514502009122666e+00
-6.443974206239619917e+00
-6.460454958685245330e+00
-1.262366078715771067e+01
-1.265586400345147844e+01
-1.268810824295071882e+01
-1.272039350565542826e+01
-1.275271979156560676e+01
-1.278508710068125609e+01
-1.281749543300237271e+01
-1.284994478852896194e+01
-1.288243516726102023e+01
-1.437472639450276191e+01
-1.441098043332874568e+01
-1.444728013215325113e+01
-1.448362549097627827e+01
-1.452001650979782710e+01
-1.455645318861789583e+01
-1.459293552743648803e+01
-1.462946352625360191e+01
-1.466603718506923393e+01
-3.393499558591356990e+00
-3.401962151006796997e+00
-3.410435282142554758e+00
-3.418918951998630718e+00
-3.427413160575024875e+00
-3.435917907871737231e+00
-3.444433193888767786e+00
-3.452959018626115650e+00
-3.461495382083782602e+00
6.080279081858587453e+00
6.095273604871802142e+00
6.110286594046363540e+00
6.125318049382270758e+00
6.140367970879524684e+00
6.155436358538124431e+00
6.170523212358069998e+00
6.185628532339363161e+00
6.200752318482002146e+00
2.119604253305162889e+00
2.124774019776638934e+00
2.129950083162209129e+00
2.135132443461873919e+00
2.140321100675633303e+00
2.145516054803486838e+00
2.150717305845434524e+00
2.155924853801476804e+00
2.161138698671613234e+00
-5.082635781282324849e+00
-5.094897870018832542e+00
-5.107174732356227764e+00
-5.119466368294509628e+00
-5.131772777833679022e+00
-5.144093960973735058e+00
-5.156429917714680400e+00
-5.168780648056511495e+00
-5.181146151999230121e+00
-5.366501456336590259e+00
-5.379309335707322504e+00
-5.392132480726886889e+00
-5.404970891395284305e+00
-5.417824567712514749e+00
-5.430693509678577335e+00
-5.443577717293472951e+00
-5.456477190557201595e+00
-5.469391929469763269e+00
3.462942302161761354e+00
3.471119261552934265e+00
3.479305863584898351e+00
3.487502108257654942e+00
3.495707995571202265e+00
3.503923525525541205e+00
3.512148698120671320e+00
3.520383513356593497e+00
3.528627971233306404e+00
8.131883094210792251e+00
8.150882821066424810e+00
8.169904717965062346e+00
8.188948784906704859e+00
8.208015021891354124e+00
8.227103428919008365e+00
8.246214005989669360e+00
8.265346753103333555e+00
8.284501670260004502e+00
6.300910056251519897e+00
6.315478634416263226e+00
6.330064035419534108e+00
6.344666259261332542e+00
6.359285305941658528e+00
6.373921175460511179e+00
6.388573867817892271e+00
6.403243383013800027e+00
6.417929721048235336e+00
-8.739181314585816596e-01
-8.759179441163815749e-01
-8.779200422743619336e-01
-8.799244259325226247e-01
-8.819310950908635371e-01
-8.839400497493848929e-01
-8.859512899080865811e-01
-8.879648155669686016e-01
-8.899806267260309545e-01
-9.207690853149163246e+00
-9.228546325070226430e+00
-9.249425389154096067e+00
-9.270328045400772154e+00
-9.291254293810254694e+00
-9.312204134382543685e+00
-9.333177567117639128e+00
-9.354174592015542800e+00
-9.375195209076251146e+00
-6.593985787705791246e+00
-6.608770509202889443e+00
-6.623571786939066008e+00
-6.638389620914320943e+00
-6.653224011128655135e+00
-6.668074957582067697e+00
-6.682942460274557739e+00
-6.697826519206127038e+00
-6.712727134376774707e+00
5.861628177116794625e+00
5.874639560417831419e+00
5.887665368755786943e+00
5.900705602130661198e+00
5.913760260542454184e+00
5.926829343991166787e+00
5.939912852476798122e+00
5.953010785999349963e+00
5.966123144558819646e+00
8.640262354719359550e+00
8.659251942312147676e+00
8.678262374677268909e+00
8.697293651814719695e+00
8.716345773724500035e+00
8.735418740406609928e+00
8.754512551861049374e+00
8.773627208087821927e+00
8.792762709086922257e+00
-1.979265372557788893e+01
-1.983572805359873215e+01
-1.987884920154133894e+01
-1.992201716940570577e+01
-1.996523195719183619e+01
-2.000849356489972664e+01
-2.005180199252938067e+01
-2.009515724008079474e+01
-2.013855930755397239e+01
-5.315254670903354395e+01
-5.326709961142370986e+01
-5.338177582156670553e+01
-5.349657533946255228e+01
-5.361149816511123589e+01
-5.372654429851275637e+01
-5.384171373966712792e+01
-5.395700648857434345e+01
-5.407242254523438874e+01
-3.638893087887294797e+01
-3.646660202269124795e+01
-3.654435597156691529e+01
-3.662219272549996418e+01
-3.670011228449039464e+01
-3.677811464853819956e+01
-3.685619981764337183e+01
-3.693436779180592566e+01
-3.701261857102585395e+01
-1.736233153578398358e+00
-1.739903836778352808e+00
-1.743578396095730509e+00
-1.747256831530531462e+00
-1.750939143082756111e+00
-1.754625330752404011e+00
-1.758315394539475163e+00
-1.762009334443970010e+00
-1.765707150465888109e+00
-1.449405962041521789e+01
-1.452441367197629774e+01
-1.455479947463733481e+01
-1.458521702839833267e+01
-1.461566633325928954e+01
-1.464614738922020543e+01
-1.467666019628108032e+01
-1.470720475444191599e+01
-1.473778106370271068e+01
-8.957573942139686096e+01
-8.976158120442880772e+01
-8.994761556961933024e+01
-9.013384251696844274e+01
-9.032026204647613099e+01
-9.050687415814240921e+01
-9.069367885196726320e+01
-9.088067612795070715e+01
-9.106786598609271266e+01
-1.117878672499377188e+02
-1.120176470387351202e+02
-1.122476627410733983e+02
-1.124779143569525104e+02
-1.127084018863724992e+02
-1.129391253293333364e+02
-1.131700846858350360e+02
-1.134012799558776123e+02
-1.136327111394610228e+02
-6.107243114950139073e+01
-6.119681491966331066e+01
-6.132132522468806002e+01
-6.144596206457563881e+01
-6.157072543932604702e+01
-6.169561534893927757e+01
-6.182063179341535175e+01
-6.194577477275424826e+01
-6.207104428695598131e+01
-1.059183719190969164e+01
-1.061321325082373690e+01
-1.063461085818426888e+01
-1.065603001399128580e+01
-1.067747071824478944e+01
-1.069893297094477980e+01
-1.072041677209125510e+01
-1.074192212168421712e+01
-1.076344901972366230e+01
-3.681668788816087812e+01
-3.689032126393720290e+01
-3.696402819952948704e+01
-3.703780869493773054e+01
-3.711166275016192628e+01
-3.718559036520208849e+01
-3.725959154005821716e+01
-3.733366627473029808e+01
-3.740781456921834547e+01
-7.704788227791124200e+01
-7.720060355100918059e+01
-7.735347603328841615e+01
-7.750649972474892024e+01
-7.765967462539072130e+01
-7.781300073521380511e+01
-7.796647805421817168e+01
-7.812010658240382099e+01
-7.827388631977076727e+01
-6.965581056226284318e+01
-6.979265891307278480e+01
-6.992964156059599645e+01
-7.006675850483244972e+01
-7.020400974578217301e+01
-7.034139528344515213e+01
-7.047891511782138707e+01
-7.061656924891089204e+01
-7.075435767671363863e+01
-1.963540187134783821e+01
-1.967364023915961724e+01
-1.971191580382724240e+01
-1.975022856535071725e+01
-1.978857852373003823e+01
-1.982696567896520889e+01
-1.986539003105622569e+01
-1.990385158000308863e+01
-1.994235032580580480e+01
3.519554080968289611e+01
3.526348586916104466e+01
3.533149644942943723e+01
3.539957255048806672e+01
3.546771417233694024e+01
3.553592131497604356e+01
3.560419397840539801e+01
3.567253216262498228e+01
3.574093586763481056e+01
6.058532460694389954e+01
6.070127738131125739e+01
6.081734100919139507e+01
6.093351549058431260e+01
6.104980082549000997e+01
6.116619701390848007e+01
6.128270405583973712e+01
6.139932195128376691e+01
6.151605070024057653e+01
4.140488359877591051e+01
4.148345074032956603e+01
4.156209235310744532e+01
4.164080843710953417e+01
4.171959899233585389e+01
4.179846401878639739e+01
4.187740351646115755e+01
4.195641748536014148e+01
4.203550592548334919e+01
1.611168623731330740e+01
1.614199985205895871e+01
1.617234195704403277e+01
1.620271255226852958e+01
1.623311163773244559e+01
1.626353921343578790e+01
1.629399527937854941e+01
1.632447983556073723e+01
1.635499288198234780e+01
6.093081119713200877e+01
6.104448808369382107e+01
6.115827091329995824e+01
6.127215968595042028e+01
6.138615440164521431e+01
6.150025506038433321e+01
6.161446166216777698e+01
6.172877420699554563e+01
6.184319269486764625e+01
1.408626953771381807e+02
1.411233109097508134e+02
1.413841673069962042e+02
1.416452645688742962e+02
1.419066026953851463e+02
1.421681816865287260e+02
1.424300015423050070e+02
1.426920622627140460e+02
1.429543638477557863e+02
1.644726788898606173e+02
1.647744636217686320e+02
1.650765249666298189e+02
1.653788629244441495e+02
1.656814774952116522e+02
1.659843686789323272e+02
1.662875364756061742e+02
1.665909808852331935e+02
1.668947019078133849e+02
1.110251736945449466e+02
1.112272213263821641e+02
1.114294526378846655e+02
1.116318676290524934e+02
1.118344662998856194e+02
1.120372486503840435e+02
1.122402146805477940e+02
1.124433643903768285e+02
1.126466977798711753e+02
8.295490575960766932e+01
8.310464385664667475e+01
8.325451697451258326e+01
8.340452511320539486e+01
8.355466827272510955e+01
8.370494645307174153e+01
8.385535965424527660e+01
8.400590787624571476e+01
8.415659111907307022e+01
1.394389783090194896e+02
1.396886452352665913e+02
1.399385354771901575e+02
1.401886490347901315e+02
1.404389859080665417e+02
1.406895460970193881e+02
1.409403296016486706e+02
1.411913364219543610e+02
1.414425665579364875e+02
2.034970285558439969e+02
2.038584797610941450e+02
2.042202516861360380e+02
2.045823443309696188e+02
2.049447576955948875e+02
2.053074917800118726e+02
2.056705465842205740e+02
2.060339221082209349e+02
2.063976183520130405e+02
1.854332253324143949e+02
1.857599799144979329e+02
1.860870221326572675e+02
1.864143519868923704e+02
1.867419694772032699e+02
1.870698746035899092e+02
1.873980673660523451e+02
1.877265477645905776e+02
1.880553157992045499e+02
1.268092408057274270e+02
1.270309352826605078e+02
1.272528233792241110e+02
1.274749050954182223e+02
1.276971804312428276e+02
1.279196493866979694e+02
1.281423119617836051e+02
1.283651681564997489e+02
1.285882179708463866e+02
1.163342358179743030e+02
1.165360298089855462e+02
1.167379986648070087e+02
1.169401423854387048e+02
1.171424609708806486e+02
1.173449544211328117e+02
1.175476227361952084e+02
1.177504659160678671e+02
1.179534839607507308e+02
1.502252875177785825e+02
1.504838508353651321e+02
1.507426364773863838e+02
1.510016444438423662e+02
1.512608747347331075e+02
1.515203273500585510e+02
1.517800022898186967e+02
1.520398995540136013e+02
1.523000191426432082e+02
1.683166428830705001e+02
1.686041179349630283e+02
1.688918382727360097e+02
1.691798038963894157e+02
1.694680148059233034e+02
1.697564710013376441e+02
1.700451724826324380e+02
1.703341192498076850e+02
1.706233113028633852e+02
1.512717434075262020e+02
1.515281361929626769e+02
1.517847460764393190e+02
1.520415730579561568e+02
1.522986171375131335e+02
1.525558783151102773e+02
1.528133565907475884e+02
1.530710519644250667e+02
1.533289644361427406e+02
1.078550773616857725e+02
1.080364988543042557e+02
1.082180728019585416e+02
1.083997992046486587e+02
1.085816780623745785e+02
1.087637093751363153e+02
1.089458931429338548e+02
1.091282293657672255e+02
1.093107180436363990e+02
5.706455653629372904e+01
5.715982290780674191e+01
5.725516873417505792e+01
5.735059401539868418e+01
5.744609875147761358e+01
5.754168294241186032e+01
5.763734658820140311e+01
5.773308968884625614e+01
5.782891224434641231e+01
4.755790356459512935e+01
4.763670705020339824e+01
4.771557577048519505e+01
4.779450972544051268e+01
4.787350891506933692e+01
4.795257333937167488e+01
4.803170299834754076e+01
4.811089789199692035e+01
4.819015802031981366e+01
8.424456001374723257e+01
8.438312014534878358e+01
8.452179413079718984e+01
8.466058197009242292e+01
8.479948366323448283e+01
8.493849921022339799e+01
8.507762861105913998e+01
8.521687186574172301e+01
8.535622897427114708e+01
8.812524283800587455e+01
8.826912078549649721e+01
8.841311608857235171e+01
8.855722874723342386e+01
8.870145876147974207e+01
8.884580613131127791e+01
8.899027085672804560e+01
8.913485293773004514e+01
8.927955237431726232e+01
-1.458194781814233565e+01
-1.460558144507611544e+01
-1.462923420854992429e+01
-1.465290610856375864e+01
-1.467659714511762026e+01
-1.470030731821151093e+01
-1.472403662784542711e+01
-1.474778507401937233e+01
-1.477155265673334306e+01
-1.396236746299065601e+02
-1.398483305826497656e+02
-1.400731671269948606e+02
-1.402981842629418452e+02
-1.405233819904906909e+02
-1.407487603096414546e+02
-1.409743192203940794e+02
-1.412000587227485937e+02
-1.414259788167049976e+02
-1.199676070361313691e+02
-1.201592485809175344e+02
-1.203510430718687303e+02
-1.205429905089849285e+02
-1.207350908922661858e+02
-1.209273442217124739e+02
-1.211197504973237926e+02
-1.213123097191001278e+02
-1.215050218870415222e+02
-2.482641140103570976e+01
-2.486578715266304584e+01
-2.490519410536140299e+01
-2.494463225913078119e+01
-2.498410161397117690e+01
-2.502360216988259367e+01
-2.506313392686503150e+01
-2.510269688491848683e+01
-2.514229104404296677e+01
-5.258567646224946657e+01
-5.266848855116639072e+01
-5.275136579514933999e+01
-5.283430819419832147e+01
-5.291731574831332807e+01
-5.300038845749434557e+01
-5.308352632174140240e+01
-5.316672934105447013e+01
-5.324999751543357007e+01
-1.898631208265786086e+02
-1.901600139005842038e+02
-1.904571389223038693e+02
-1.907544958917376050e+02
-1.910520848088854109e+02
-1.913499056737472870e+02
-1.916479584863232049e+02
-1.919462432466131929e+02
-1.922447599546172512e+02
-2.569623444285154505e+02
-2.573613542801125504e+02
-2.577606736816332500e+02
-2.581603026330776629e+02
-2.585602411344457323e+02
-2.589604891857374014e+02
-2.593610467869527838e+02
-2.597619139380918227e+02
-2.601630906391545182e+02
-1.653733752480661394e+02
-1.656283843078164182e+02
-1.658835898306327863e+02
-1.661389918165152153e+02
-1.663945902654637052e+02
-1.666503851774782561e+02
-1.669063765525588678e+02
-1.671625643907055405e+02
-1.674189486919182741e+02
-5.838175293991834991e+01
-5.847115838086768491e+01
-5.856063222689809322e+01
-5.865017447800955352e+01
-5.873978513420208003e+01
-5.882946419547567274e+01
-5.891921166183032454e+01
-5.900902753326604255e+01
-5.909891180978282677e+01
-6.505651599979610467e+01
-6.515546127127868203e+01
-6.525448172913776546e+01
-6.535357737337335493e+01
-6.545274820398545046e+01
-6.555199422097406625e+01
-6.565131542433917389e+01
-6.575071181408080179e+01
-6.585018339019892153e+01
-1.049672246440633785e+02
-1.051257854063655941e+02
-1.052844658371676587e+02
-1.054432659364695724e+02
-1.056021857042713208e+02
-1.057612251405729324e+02
-1.059203842453743931e+02
-1.060796630186757170e+02
-1.062390614604768757e+02
-9.739908045622283339e+01
-9.754521561069577729e+01
-9.769146031176130407e+01
-9.783781455941935690e+01
-9.798427835366999261e+01
-9.813085169451316858e+01
-9.827753458194891323e+01
-9.842432701597722655e+01
-9.857122899659808013e+01
-2.254158780263849948e+01
-2.257518182320875155e+01
-2.260880085794174832e+01
-2.264244490683749689e+01
-2.267611396989599015e+01
-2.270980804711723167e+01
-2.274352713850122143e+01
-2.277727124404795944e+01
-2.281104036375744570e+01
8.037273568925746758e+01
8.049171827354948050e+01
8.061078886271153010e+01
8.072994745674363060e+01
8.084919405564575356e+01
8.096852865941794164e+01
8.108795126806015219e+01
8.120746188157239942e+01
8.132706049995468334e+01
1.716587414122389532e+02
1.719111807378451715e+02
1.721638055442196844e+02
1.724166158313624351e+02
1.726696115992734519e+02
1.729227928479527350e+02
1.731761595774003126e+02
1.734297117876160996e+02
1.736834494786001812e+02
1.787196323814153516e+02
1.789807275346387598e+02
1.792420132682659641e+02
1.795034895822969645e+02
1.797651564767318177e+02
1.800270139515704670e+02
1.802890620068129124e+02
1.805513006424592106e+02
1.808137298585092765e+02
1.452102316050801107e+02
1.454209866582079371e+02
1.456318945431364682e+02
1.458429552598656187e+02
1.460541688083955023e+02
1.462655351887260053e+02
1.464770544008572131e+02
1.466887264447890971e+02
1.469005513205216289e+02
1.938211993303966381e+02
1.941006819538002617e+02
1.943803659335607961e+02
1.946602512696782128e+02
1.949403379621525687e+02
1.952206260109838354e+02
1.955011154161720413e+02
1.957818061777171579e+02
1.960626982956191853e+02
3.346910208392797017e+02
3.351705208691354301e+02
3.356503641345171332e+02
3.361305506354249246e+02
3.366110803718586908e+02
3.370919533438184885e+02
3.375731695513042609e+02
3.380547289943161786e+02
3.385366316728540141e+02
4.049800766095027598e+02
4.055565607043205887e+02
4.061334548162755596e+02
4.067107589453676155e+02
4.072884730915968134e+02
4.078665972549631533e+02
4.084451314354666920e+02
4.090240756331073158e+02
4.096034298478850815e+02
3.464174789201512681e+02
3.469074612099959154e+02
3.473977897770772074e+02
3.478884646213950873e+02
3.483794857429496687e+02
3.488708531417408381e+02
3.493625668177686521e+02
3.498546267710331108e+02
3.503470330015342142e+02
3.109459670814443371e+02
3.113829958475461126e+02
3.118203315158713735e+02
3.122579740864199493e+02
3.126959235591918969e+02
3.131341799341872729e+02
3.135727432114060207e+02
3.140116133908481402e+02
3.144507904725136882e+02
3.856037598471978072e+02
3.861423125844145261e+02
3.866812411434995624e+02
3.872205455244528025e+02
3.877602257272744168e+02
3.883002817519641781e+02
3.888407135985221998e+02
3.893815212669485391e+02
3.899227047572430820e+02
4.970050499127645480e+02
4.976948556725324124e+02
4.983851397996787682e+02
4.990759022942036154e+02
4.997671431561069539e+02
5.004588623853887270e+02
5.011510599820490484e+02
5.018437359460878611e+02
5.025368902775050515e+02
4.966823393717280624e+02
4.973674184605166602e+02
4.980529696920266929e+02
4.987389930662581037e+02
4.994254885832109494e+02
5.001124562428852869e+02
5.007998960452810024e+02
5.014878079903980961e+02
5.021761920782366815e+02
4.217198061935062015e+02
4.222979005131682584e+02
4.228763907878438886e+02
4.234552770175328646e+02
4.240345592022354140e+02
4.246142373419514229e+02
4.251943114366808345e+02
4.257747814864237625e+02
4.263556474911801502e+02
3.861731181761222160e+02
3.866992395905310786e+02
3.872257191543030785e+02
3.877525568674381589e+02
3.882797527299364333e+02
3.888073067417977313e+02
3.893352189030221666e+02
3.898634892136097392e+02
3.903921176735603353e+02
4.080879529726902319e+02
4.086405432949281362e+02
4.091935074942446704e+02
4.097468455706398345e+02
4.103005575241136853e+02
4.108546433546661660e+02
4.114091030622972767e+02
4.119639366470070740e+02
4.125191441087955013e+02
4.284921943039635153e+02
4.290688998144668744e+02
4.296459931565171928e+02
4.302234743301146978e+02
4.308013433352592756e+02
4.313796001719508695e+02
4.319582448401895931e+02
4.325372773399753896e+02
4.331166976713082022e+02
4.026848871931904910e+02
4.032235960723786548e+02
4.037626650510850936e+02
4.043020941293096371e+02
4.048418833070523419e+02
4.053820325843132650e+02
4.059225419610923495e+02
4.064634114373896523e+02
4.070046410132050596e+02
2.539655940154596578e+02
2.543033142202674526e+02
2.546412588238824242e+02
2.549794278263045726e+02
2.553178212275338979e+02
2.556564390275704284e+02
2.559952812264141073e+02
2.563343478240649915e+02
2.566736388205230242e+02
2.570131542157882905e+02
2.573528940098607336e+02
2.576928582027402967e+02
2.580330467944270936e+02
2.583734597849210672e+02
2.587140971742222177e+02
2.590549589623305451e+02
2.593960451492461061e+02
7.786685143158302935e+01
7.796924045384676560e+01
7.807169674879270360e+01
7.817422031642078650e+01
7.827681115673105694e+01
7.837946926972348649e+01
7.848219465539808937e+01
7.858498731375486557e+01
7.868784724479381509e+01
7.879077444851493794e+01
7.889376892491821991e+01
7.899683067400367520e+01
7.909995969577130381e+01
7.920315599022110575e+01
7.930641955735308102e+01
7.940975039716721540e+01
7.951314850966352310e+01
-9.201455147846722582e+00
-9.213420629183325161e+00
-9.225393885361601320e+00
-9.237374916381551060e+00
-9.249363722243176156e+00
-9.261360302946473055e+00
-9.273364658491447088e+00
-9.285376788878092924e+00
-9.297396694106414117e+00
-9.309424374176410666e+00
-9.321459829088079019e+00
-9.333503058841422728e+00
-9.345554063436441794e+00
-9.357612842873132664e+00
-9.369679397151498890e+00
-9.381753726271540472e+00
-9.393835830233255635e+00
-3.213100480911423347e+02
-3.217233086031566813e+02
-3.221368347067596574e+02
-3.225506264019514333e+02
-3.229646836887318386e+02
-3.233790065671009870e+02
-3.237935950370587648e+02
-3.242084490986053424e+02
-3.246235687517405495e+02
-3.250389539964644428e+02
-3.254546048327770791e+02
-3.258705212606784016e+02
-3.262867032801684104e+02
-3.267031508912471054e+02
-3.271198640939144866e+02
-3.275368428881706109e+02
-3.279540872740154214e+02
-3.257886928668210658e+02
-3.262031822979493541e+02
-3.266179352315767233e+02
-3.270329516677032302e+02
-3.274482316063288749e+02
-3.278637750474537143e+02
-3.282795819910775776e+02
-3.286956524372006356e+02
-3.291119863858228314e+02
-3.295285838369440512e+02
-3.299454447905645225e+02
-3.303625692466840746e+02
-3.307799572053027646e+02
-3.311976086664205923e+02
-3.316155236300375009e+02
-3.320337020961535472e+02
-3.324521440647687314e+02
-4.295732899947258261e+02
-4.301139738084385726e+02
-4.306549976748642052e+02
-4.311963615940029513e+02
-4.317380655658546971e+02
-4.322801095904194995e+02
-4.328224936676973016e+02
-4.333652177976881603e+02
-4.339082819803920188e+02
-4.344516862158089339e+02
-4.349954305039389055e+02
-4.355395148447817633e+02
-4.360839392383377913e+02
-4.366287036846068190e+02
-4.371738081835888465e+02
-4.377192527352838738e+02
-4.382650373396919576e+02
-4.545420971589493888e+02
-4.551081520744648969e+02
-4.556745592332383694e+02
-4.562413186352696925e+02
-4.568084302805590369e+02
-4.573758941691063455e+02
-4.579437103009115617e+02
-4.585118786759747422e+02
-4.590803992942958303e+02
-4.596492721558748826e+02
-4.602184972607118993e+02
-4.607880746088068236e+02
-4.613580042001597121e+02
-4.619282860347705082e+02
-4.624989201126393255e+02
-4.630699064337660502e+02
-4.636412449981506825e+02
-2.741150106065435921e+02
-2.744527986664407422e+02
-2.747907947239117448e+02
-2.751289987789565430e+02
-2.754674108315751937e+02
-2.758060308817676400e+02
-2.761448589295339957e+02
-2.764838949748740902e+02
-2.768231390177880940e+02
-2.771625910582758365e+02
-2.775022510963374316e+02
-2.778421191319728791e+02
-2.781821951651821223e+02
-2.785224791959652748e+02
-2.788629712243222230e+02
-2.792036712502529667e+02
-2.795445792737575061e+02
-1.843797031272046638e+02
-1.846045564237012684e+02
-1.848295467423163814e+02
-1.850546740830500028e+02
-1.852799384459021894e+02
-1.855053398308728561e+02
-1.857308782379620880e+02
-1.859565536671697998e+02
-1.861823661184960486e+02
-1.864083155919408341e+02
-1.866344020875041281e+02
-1.868606256051859589e+02
-1.870869861449863265e+02
-1.873134837069051741e+02
-1.875401182909425586e+02
-1.877668898970984799e+02
-1.879937985253729096e+02
2.705191328774412440e+01
2.708456496340826547e+01
2.711723633248354659e+01
2.714992739496996776e+01
2.718263815086751833e+01
2.721536860017620896e+01
2.724811874289603963e+01
2.728088857902700326e+01
2.731367810856910339e+01
2.734648733152233646e+01
2.737931624788670959e+01
2.741216485766221922e+01
2.744503316084886535e+01
2.747792115744664798e+01
2.751082884745556356e+01
2.754375623087561920e+01
2.757670330770681133e+01
2.898858837999759430e+02
2.902322229681957424e+02
2.905787689060682624e+02
2.909255216135933892e+02
2.912724810907711799e+02
2.916196473376016343e+02
2.919670203540848092e+02
2.923146001402206480e+02
2.926623866960090936e+02
2.930103800214502598e+02
2.933585801165440898e+02
2.937069869812905836e+02
2.940556006156897411e+02
2.944044210197415623e+02
2.947534481934460473e+02
2.951026821368032529e+02
2.954521228498130654e+02
3.908277249959274400e+02
3.912899694962183617e+02
3.917524871906583144e+02
3.922152780792474118e+02
3.926783421619855972e+02
3.931416794388728704e+02
3.936052899099092883e+02
3.940691735750947942e+02
3.945333304344293879e+02
3.949977604879131832e+02
3.954624637355459527e+02
3.959274401773279237e+02
3.963926898132589827e+02
3.968582126433391863e+02
3.973240086675684779e+02
3.977900778859468005e+02
3.982564202984742678e+02
5.842075301446924414e+02
5.848916139036440427e+02
5.855760979456612176e+02
5.862609822707438525e+02
5.869462668788919473e+02
5.876319517701056157e+02
5.883180369443848576e+02
5.890045224017295595e+02
5.896914081421397213e+02
5.903786941656153431e+02
5.910663804721565384e+02
5.917544670617631937e+02
5.924429539344355362e+02
5.931318410901731113e+02
5.938211285289763737e+02
5.945108162508452097e+02
5.952009042557793919e+02
6.440588275429657870e+02
6.448055624154793577e+02
6.455527299269689365e+02
6.463003300774344098e+02
6.470483628668760048e+02
6.477968282952933805e+02
6.485457263626867643e+02
6.492950570690561563e+02
6.500448204144015563e+02
6.507950163987227370e+02
6.515456450220200395e+02
6.522967062842932364e+02
6.530482001855424414e+02
6.538001267257675408e+02
6.545524859049687620e+02
6.553052777231457640e+02
6.560585021802987740e+02
6.424286217951994331e+02
6.431661977100044396e+02
6.439041967894193021e+02
6.446426190334437933e+02
6.453814644420781406e+02
6.461207330153222301e+02
6.468604247531760620e+02
6.476005396556396363e+02
6.483410777227129529e+02
6.490820389543960118e+02
6.498234233506889268e+02
6.505652309115915841e+02
6.513074616371038701e+02
6.520501155272260121e+02
6.527931925819578964e+02
6.535366928012995231e+02
6.542806161852508922e+02
6.498710506851806485e+02
6.506099603505418827e+02
6.513492898509402949e+02
6.520890391863757714e+02
6.528292083568483122e+02
6.535697973623581447e+02
6.543108062029050416e+02
6.550522348784891165e+02
6.557940833891102557e+02
6.565363517347684592e+02
6.572790399154639545e+02
6.580221479311965140e+02
6.587656757819662516e+02
6.595096234677730536e+02
6.602539909886171472e+02
6.609987783444981915e+02
6.617439855354165275e+02
5.308078228636968561e+02
5.314055794209758687e+02
5.320036723634867712e+02
5.326021016912296773e+02
5.332008674042047005e+02
5.337999695024117273e+02
5.343994079858506439e+02
5.349991828545216777e+02
5.355992941084246013e+02
5.361997417475596421e+02
5.368005257719266865e+02
5.374016461815256207e+02
5.380031029763566721e+02
5.386048961564197270e+02
5.392070257217147855e+02
5.398094916722418475e+02
5.404122940080009130e+02
4.270906238846648648e+02
4.275670216804090842e+02
4.280436850267640807e+02
4.285206139237297975e+02
4.289978083713063484e+02
4.294752683694936763e+02
4.299529939182917815e+02
4.304309850177006638e+02
4.309092416677203232e+02
4.313877638683507598e+02
4.318665516195920304e+02
4.323456049214440213e+02
4.328249237739067894e+02
4.333045081769804483e+02
4.337843581306647707e+02
4.342644736349599270e+02
4.347448546898658606e+02
2.834816959036092499e+02
2.837949353465966169e+02
2.841083477544890457e+02
2.844219331272864792e+02
2.847356914649889745e+02
2.850496227675964747e+02
2.853637270351089796e+02
2.856780042675264895e+02
2.859924544648490041e+02
2.863070776270765805e+02
2.866218737542091617e+02
2.869368428462467477e+02
2.872519849031893386e+02
2.875672999250369912e+02
2.878827879117896487e+02
2.881984488634473109e+02
2.885142827800099781e+02
6.007319504750025629e+01
6.013895661843348250e+01
6.020475416396786983e+01
6.027058768410342537e+01
6.033645717884014914e+01
6.040236264817804113e+01
6.046830409211710844e+01
6.053428151065732976e+01
6.060029490379872641e+01
6.066634427154128417e+01
6.073242961388501016e+01
6.079855093082990436e+01
6.086470822237595968e+01
6.093090148852319743e+01
6.099713072927158919e+01
6.106339594462114917e+01
6.112969713457187737e+01
-1.373857943517702154e+02
-1.375348028055140048e+02
-1.376838920226473419e+02
-1.378330620031702551e+02
-1.379823127470827444e+02
-1.381316442543847813e+02
-1.382810565250763659e+02
-1.384305495591575266e+02
-1.385801233566282633e+02
-1.387297779174885477e+02
-1.388795132417384082e+02
-1.390293293293778163e+02
-1.391792261804068005e+02
-1.393292037948253324e+02
-1.394792621726334403e+02
-1.396294013138311243e+02
-1.397796212184183275e+02
-2.836312008461582650e+02
-2.839360167524948224e+02
-2.842409963623256317e+02
-2.845461396756507497e+02
-2.848514466924701196e+02
-2.851569174127837414e+02
-2.854625518365916719e+02
-2.857683499638937974e+02
-2.860743117946902885e+02
-2.863804373289810314e+02
-2.866867265667660263e+02
-2.869931795080453298e+02
-2.872997961528188853e+02
-2.876065765010866926e+02
-2.879135205528488086e+02
-2.882206283081051765e+02
-2.885278997668557963e+02
-4.027688473712582891e+02
-4.031977811810253911e+02
-4.036269432684984508e+02
-4.040563336336777525e+02
-4.044859522765630686e+02
-4.049157991971545698e+02
-4.053458743954521424e+02
-4.057761778714557863e+02
-4.062067096251655585e+02
-4.066374696565814020e+02
-4.070684579657033737e+02
-4.074996745525314736e+02
-4.079311194170656449e+02
-4.083627925593059445e+02
-4.087946939792523153e+02
-4.092268236769048144e+02
-4.096591816522633849e+02
-4.502709492095067958e+02
-4.507461692086724838e+02
-4.512216398512976525e+02
-4.516973611373823019e+02
-4.521733330669264319e+02
-4.526495556399300426e+02
-4.531260288563931340e+02
-4.536027527163157060e+02
-4.540797272196977588e+02
-4.545569523665392921e+02
-4.550344281568402494e+02
-4.555121545906006872e+02
-4.559901316678206626e+02
-4.564683593885000619e+02
-4.569468377526389418e+02
-4.574255667602373023e+02
-4.579045464112951436e+02
-4.541784911359802095e+02
-4.546535732396789626e+02
-4.551289036873942564e+02
-4.556044824791260908e+02
-4.560803096148745794e+02
-4.565563850946396087e+02
-4.570327089184211218e+02
-4.575092810862192891e+02
-4.579861015980339971e+02
-4.584631704538653025e+02
-4.589404876537131486e+02
-4.594180531975775921e+02
-4.598958670854585193e+02
-4.603739293173561009e+02
-4.608522398932702799e+02
-4.613307988132009427e+02
-4.618096060771482030e+02
-3.861837071378054702e+02
-3.865841049679120260e+02
-3.869847102580342835e+02
-3.873855230081720151e+02
-3.877865432183254484e+02
-3.881877708884944127e+02
-3.885892060186789649e+02
-3.889908486088791619e+02
-3.893926986590949468e+02
-3.897947561693263197e+02
-3.901970211395733372e+02
-3.905994935698359427e+02
-3.910021734601140793e+02
-3.914050608104078606e+02
-3.918081556207172866e+02
-3.922114578910421869e+02
-3.926149676213828457e+02
-3.026642349105904941e+02
-3.029752978447226610e+02
-3.032865205441008811e+02
-3.035979030087252113e+02
-3.039094452385956515e+02
-3.042211472337122018e+02
-3.045330089940747484e+02
-3.048450305196834620e+02
-3.051572118105382287e+02
-3.054695528666390487e+02
-3.057820536879860356e+02
-3.060947142745790188e+02
-3.064075346264181690e+02
-3.067205147435033723e+02
-3.070336546258346857e+02
-3.073469542734120523e+02
-3.076604136862355290e+02
-2.083035641336917081e+02
-2.085157939494163202e+02
-2.087281318251285711e+02
-2.089405777608284325e+02
-2.091531317565159611e+02
-2.093657938121911002e+02
-2.095785639278539065e+02
-2.097914421035043517e+02
-2.100044283391424074e+02
-2.102175226347681303e+02
-2.104307249903814636e+02
-2.106440354059824926e+02
-2.108574538815711037e+02
-2.110709804171473820e+02
-2.112846150127112992e+02
-2.114983576682628552e+02
-2.117122083838020501e+02
-8.567437311742681061e+01
-8.576091288825249137e+01
-8.584749634397006446e+01
-8.593412348457951566e+01
-8.602079431008085919e+01
-8.610750882047408084e+01
-8.619426701575919481e+01
-8.628106889593618689e+01
-8.636791446100507130e+01
-8.645480371096584804e+01
-8.654173664581850289e+01
-8.662871326556303586e+01
-8.671573357019947537e+01
-8.680279755972777878e+01
-8.688990523414797451e+01
-8.697705659346006257e+01
-8.706425163766402875e+01
4.003873493748375978e+01
4.007883382074614076e+01
4.011895277351965916e+01
4.015909179580431498e+01
4.019925088760012244e+01
4.023943004890706732e+01
4.027962927972515672e+01
4.031984858005439065e+01
4.036008794989476200e+01
4.040034738924627788e+01
4.044062689810893829e+01
4.048092647648273612e+01
4.052124612436767848e+01
4.056158584176376536e+01
4.060194562867099677e+01
4.064232548508935849e+01
4.068272541101887896e+01
1.192027513180245677e+02
1.193211254504158489e+02
1.194395583292748171e+02
1.195580499546014863e+02
1.196766003263958282e+02
1.197952094446578712e+02
1.199138773093876011e+02
1.200326039205850037e+02
1.201513892782501074e+02
1.202702333823828980e+02
1.203891362329833754e+02
1.205080978300515540e+02
1.206271181735873910e+02
1.207461972635909291e+02
1.208653351000621683e+02
1.209845316830010944e+02
1.211037870124076932e+02
1.212231010882819930e+02
1.213424739106239656e+02
1.214619054794336250e+02
1.215813957947109856e+02
1.217009448564560330e+02
1.218205526646687673e+02
1.219402192193491885e+02
1.220599445204972966e+02
1.221797285681130916e+02
1.222995713621965734e+02
1.224194729027477422e+02
1.225394331897666120e+02
1.226594522232531688e+02
1.227795300032073982e+02
1.228996665296293145e+02
1.230198618025189461e+02
1.383196193413082824e+02
1.384547630827262594e+02
1.385899728122992371e+02
1.387252485300272156e+02
1.388605902359101663e+02
1.389959979299480892e+02
1.391314716121410413e+02
1.392670112824889657e+02
1.394026169409918623e+02
1.395382885876497596e+02
1.396740262224626576e+02
1.398098298454305279e+02
1.399456994565533989e+02
1.400816350558312422e+02
1.402176366432640862e+02
1.403537042188519308e+02
1.404898377825947762e+02
1.406260373344925654e+02
1.407623028745453837e+02
1.408986344027531743e+02
1.410350319191159656e+02
1.411714954236337292e+02
1.413080249163064934e+02
1.414446203971342300e+02
1.415812818661169672e+02
1.417180093232547051e+02
1.418548027685474153e+02
1.419916622019951262e+02
1.421285876235978094e+02
1.422655790333554933e+02
1.424026364312681778e+02
1.425397598173358347e+02
1.426769491915584922e+02
5.370328452628486104e+01
5.375492229986782178e+01
5.380658488737370249e+01
5.385827228880249606e+01
5.390998450415420962e+01
5.396172153342882183e+01
5.401348337662636112e+01
5.406527003374680618e+01
5.411708150479017121e+01
5.416891778975644201e+01
5.422077888864563278e+01
5.427266480145772931e+01
5.432457552819274582e+01
5.437651106885067520e+01
5.442847142343151745e+01
5.448045659193527257e+01
5.453246657436194056e+01
5.458450137071152142e+01
5.463656098098401515e+01
5.468864540517942885e+01
5.474075464329774832e+01
5.479288869533898065e+01
5.484504756130313297e+01
5.489723124119019815e+01
5.494943973500017620e+01
5.500167304273306002e+01
5.505393116438886381e+01
5.510621409996758047e+01
5.515852184946921000e+01
5.521085441289375950e+01
5.526321179024121477e+01
5.531559398151158291e+01
5.536800098670486392e+01
-6.758843365402840675e+01
-6.765240756188835292e+01
-6.771641173176713835e+01
-6.778044616366479147e+01
-6.784451085758129807e+01
-6.790860581351667236e+01
-6.797273103147088591e+01
-6.803688651144395294e+01
-6.810107225343588766e+01
-6.816528825744667586e+01
-6.822953452347630332e+01
-6.829381105152479847e+01
-6.835811784159214710e+01
-6.842245489367836342e+01
-6.848682220778341900e+01
-6.855121978390732806e+01
-6.861564762205010481e+01
-6.868010572221172083e+01
-6.874459408439220454e+01
-6.880911270859154172e+01
-6.887366159480973238e+01
-6.893824074304677652e+01
-6.900285015330267413e+01
-6.906748982557743943e+01
-6.913215975987104400e+01
-6.919685995618351626e+01
-6.926159041451484200e+01
-6.932635113486500700e+01
-6.939114211723403969e+01
-6.945596336162194007e+01
-6.952081486802867971e+01
-6.958569663645427283e+01
-6.965060866689873365e+01
-1.856288848069110315e+02
-1.858018846995549325e+02
-1.859749651696989190e+02
-1.861481262173429627e+02
-1.863213678424870636e+02
-1.864946900451312501e+02
-1.866680928252754939e+02
-1.868415761829197947e+02
-1.870151401180641528e+02
-1.871887846307085965e+02
-1.873625097208530974e+02
-1.875363153884976839e+02
-1.877102016336423276e+02
-1.878841684562870284e+02
-1.880582158564318149e+02
-1.882323438340766586e+02
-1.884065523892215595e+02
-1.885808415218665459e+02
-1.887552112320115896e+02
-1.889296615196566904e+02
-1.891041923848019053e+02
-1.892788038274471489e+02
-1.894534958475924498e+02
-1.896282684452378078e+02
-1.898031216203832798e+02
-1.899780553730287807e+02
-1.901530697031743955e+02
-1.903281646108200107e+02
-1.905033400959657399e+02
-1.906785961586115263e+02
-1.908539327987573699e+02
-1.910293500164032707e+02
-1.912048478115492856e+02
-2.283709921520917305e+02
-2.285806029755447923e+02
-2.287903099507517197e+02
-2.290001130777125127e+02
-2.292100123564271712e+02
-2.294200077868957237e+02
-2.296300993691181702e+02
-2.298402871030944823e+02
-2.300505709888246884e+02
-2.302609510263087600e+02
-2.304714272155466972e+02
-2.306819995565385000e+02
-2.308926680492842252e+02
-2.311034326937837591e+02
-2.313142934900372438e+02
-2.315252504380445657e+02
-2.317363035378057816e+02
-2.319474527893208631e+02
-2.321586981925898385e+02
-2.323700397476126511e+02
-2.325814774543893577e+02
-2.327930113129199867e+02
-2.330046413232044529e+02
-2.332163674852427846e+02
-2.334281897990350103e+02
-2.336401082645811016e+02
-2.338521228818811153e+02
-2.340642336509349661e+02
-2.342764405717427110e+02
-2.344887436443043214e+02
-2.347011428686198258e+02
-2.349136382446891673e+02
-2.351262297725124313e+02
-2.380587871295305149e+02
-2.382740301558682745e+02
-2.384893704452093175e+02
-2.387048079975536439e+02
-2.389203428129013389e+02
-2.391359748912523173e+02
-2.393517042326066360e+02
-2.395675308369642664e+02
-2.397834547043252087e+02
-2.399994758346894628e+02
-2.402155942280570287e+02
-2.404318098844279348e+02
-2.406481228038021243e+02
-2.408645329861796540e+02
-2.410810404315604671e+02
-2.412976451399446489e+02
-2.415143471113321141e+02
-2.417311463457228626e+02
-2.419480428431169798e+02
-2.421650366035144089e+02
-2.423821276269151213e+02
-2.425993159133191739e+02
-2.428166014627265383e+02
-2.430339842751372146e+02
-2.432514643505512026e+02
-2.434690416889685309e+02
-2.436867162903891426e+02
-2.439044881548130945e+02
-2.441223572822403582e+02
-2.443403236726709054e+02
-2.445583873261047927e+02
-2.447765482425419918e+02
-2.449948064219825312e+02
-2.270588608073053365e+02
-2.272611404160423660e+02
-2.274635100869382143e+02
-2.276659698199928812e+02
-2.278685196152063952e+02
-2.280711594725787563e+02
-2.282738893921099361e+02
-2.284767093737999630e+02
-2.286796194176488086e+02
-2.288826195236564729e+02
-2.290857096918229843e+02
-2.292888899221483143e+02
-2.294921602146325199e+02
-2.296955205692755158e+02
-2.298989709860773303e+02
-2.301025114650380203e+02
-2.303061420061575291e+02
-2.305098626094358565e+02
-2.307136732748730310e+02
-2.309175740024690242e+02
-2.311215647922238645e+02
-2.313256456441375235e+02
-2.315298165582100296e+02
-2.317340775344413260e+02
-2.319384285728314978e+02
-2.321428696733804884e+02
-2.323474008360882976e+02
-2.325520220609549540e+02
-2.327567333479804574e+02
-2.329615346971647796e+02
-2.331664261085079204e+02
-2.333714075820099083e+02
-2.335764791176707433e+02
-1.843466734586101268e+02
-1.845085230402243610e+02
-1.846704436396453559e+02
-1.848324352568731115e+02
-1.849944978919076277e+02
-1.851566315447489330e+02
-1.853188362153969706e+02
-1.854811119038517973e+02
-1.856434586101133561e+02
-1.858058763341817041e+02
-1.859683650760568128e+02
-1.861309248357386821e+02
-1.862935556132273121e+02
-1.864562574085227027e+02
-1.866190302216248824e+02
-1.867818740525337660e+02
-1.869447889012494670e+02
-1.871077747677719287e+02
-1.872708316521011227e+02
-1.874339595542371057e+02
-1.875971584741798495e+02
-1.877604284119293538e+02
-1.879237693674856189e+02
-1.880871813408486446e+02
-1.882506643320184594e+02
-1.884142183409950064e+02
-1.885778433677783141e+02
-1.887415394123684109e+02
-1.889053064747652684e+02
-1.890691445549688865e+02
-1.892330536529792653e+02
-1.893970337687964047e+02
-1.895610849024203048e+02
-1.338872608164012377e+02
-1.340031303627590376e+02
-1.341190500257025917e+02
-1.342350198052319570e+02
-1.343510397013470765e+02
-1.344671097140480356e+02
-1.345832298433348058e+02
-1.346994000892073302e+02
-1.348156204516656658e+02
-1.349318909307097840e+02
-1.350482115263397134e+02
-1.351645822385554254e+02
-1.352810030673569486e+02
-1.353974740127442544e+02
-1.355139950747173430e+02
-1.356305662532762426e+02
-1.357471875484209249e+02
-1.358638589601514184e+02
-1.359805804884676945e+02
-1.360973521333697818e+02
-1.362141738948576517e+02
-1.363310457729313043e+02
-1.364479677675907681e+02
-1.365649398788360145e+02
-1.366819621066670720e+02
-1.367990344510839122e+02
-1.369161569120865636e+02
-1.370333294896749976e+02
-1.371505521838492427e+02
-1.372678249946092706e+02
-1.373851479219550811e+02
-1.375025209658867027e+02
-1.376199441264041070e+02
-9.226750563580051789e+01
-9.234623217644539750e+01
-9.242499228917583309e+01
-9.250378597399183889e+01
-9.258261323089341488e+01
-9.266147405988054686e+01
-9.274036846095323483e+01
-9.281929643411150721e+01
-9.289825797935532137e+01
-9.297725309668470572e+01
-9.305628178609964607e+01
-9.313534404760015661e+01
-9.321443988118622315e+01
-9.329356928685785988e+01
-9.337273226461506681e+01
-9.345192881445782973e+01
-9.353115893638614864e+01
-9.361042263040003775e+01
-9.368971989649948284e+01
-9.376905073468449814e+01
-9.384841514495506942e+01
-9.392781312731121091e+01
-9.400724468175290838e+01
-9.408670980828017605e+01
-9.416620850689299971e+01
-9.424574077759139357e+01
-9.432530662037534341e+01
-9.440490603524484925e+01
-9.448453902219993950e+01
-9.456420558124057152e+01
-9.464390571236677374e+01
-9.472363941557854616e+01
-9.480340669087587457e+01
-7.837466568171889492e+01
-7.844060986824115389e+01
-7.850658178570813561e+01
-7.857258143411984008e+01
-7.863860881347623888e+01
-7.870466392377736042e+01
-7.877074676502317629e+01
-7.883685733721370070e+01
-7.890299564034896207e+01
-7.896916167442891776e+01
-7.903535543945358199e+01
-7.910157693542296897e+01
-7.916782616233705028e+01
-7.923410312019585433e+01
-7.930040780899936692e+01
-7.936674022874758805e+01
-7.943310037944051771e+01
-7.949948826107817013e+01
-7.956590387366051687e+01
-7.963234721718758635e+01
-7.969881829165935017e+01
-7.976531709707585094e+01
-7.983184363343704604e+01
-7.989839790074294967e+01
-7.996497989899356185e+01
-8.003158962818889677e+01
-8.009822708832894023e+01
-8.016489227941369222e+01
-8.023158520144315276e+01
-8.029830585441732183e+01
-8.036505423833621364e+01
-8.043183035319979979e+01
-8.049863419900810868e+01
-8.588204561966706763e+01
-8.595331702682031505e+01
-8.602461799490561134e+01
-8.609594852392294229e+01
-8.616730861387232210e+01
-8.623869826475373657e+01
-8.631011747656719990e+01
-8.638156624931269789e+01
-8.645304458299024475e+01
-8.652455247759984047e+01
-8.659608993314147085e+01
-8.666765694961513589e+01
-8.673925352702084979e+01
-8.681087966535859834e+01
-8.688253536462839577e+01
-8.695422062483024206e+01
-8.702593544596412301e+01
-8.709767982803003861e+01
-8.716945377102800308e+01
-8.724125727495801641e+01
-8.731309033982006440e+01
-8.738495296561414705e+01
-8.745684515234027856e+01
-8.752876689999845894e+01
-8.760071820858867397e+01
-8.767269907811093788e+01
-8.774470950856523643e+01
-8.781674949995158386e+01
-8.788881905226996594e+01
-8.796091816552039688e+01
-8.803304683970286248e+01
-8.810520507481736274e+01
-8.817739287086391187e+01
-1.070666171065223864e+02
-1.071542688601912516e+02
-1.072419564779164460e+02
-1.073296799596979838e+02
-1.074174393055358365e+02
-1.075052345154300184e+02
-1.075930655893805294e+02
-1.076809325273873696e+02
-1.077688353294505532e+02
-1.078567739955700517e+02
-1.079447485257458936e+02
-1.080327589199780505e+02
-1.081208051782665365e+02
-1.082088873006113658e+02
-1.082970052870125102e+02
-1.083851591374699836e+02
-1.084733488519837863e+02
-1.085615744305539323e+02
-1.086498358731804075e+02
-1.087381331798631976e+02
-1.088264663506023311e+02
-1.089148353853977795e+02
-1.090032402842495571e+02
-1.090916810471576639e+02
-1.091801576741221140e+02
-1.092686701651428791e+02
-1.093572185202199876e+02
-1.094458027393534252e+02
-1.095344228225431777e+02
-1.096230787697892595e+02
-1.097117705810916846e+02
-1.098004982564504246e+02
-1.098892617958655080e+02
-1.085893927217724411e+02
-1.086771062861680548e+02
-1.087648552617725386e+02
-1.088526396485859209e+02
-1.089404594466081733e+02
-1.090283146558393099e+02
-1.091162052762793309e+02
-1.092041313079282219e+02
-1.092920927507859972e+02
-1.093800896048526425e+02
-1.094681218701281864e+02
-1.095561895466126145e+02
-1.096442926343058986e+02
-1.097324311332080811e+02
-1.098206050433191336e+02
-1.099088143646390563e+02
-1.099970590971678774e+02
-1.100853392409055829e+02
-1.101736547958521442e+02
-1.102620057620076039e+02
-1.103503921393719480e+02
-1.104388139279451480e+02
-1.105272711277272606e+02
-1.106157637387182149e+02
-1.107042917609180819e+02
-1.107928551943268047e+02
-1.108814540389444261e+02
-1.109700882947709317e+02
-1.110587579618062932e+02
-1.111474630400505532e+02
-1.112362035295036833e+02
-1.113249794301656976e+02
-1.114137907420365963e+02
