-3.912629281787385893e-02
-4.604370269854294873e-01
-1.669087689630342208e-01
-2.394879212141890201e-01
-2.980510042194735587e-01
-3.380819045613620011e-01
-4.013110057693299315e-01
-4.297018584278466391e-01
-4.545271300520243862e-01
-4.828570234870970257e-01
-5.012591681499437568e-01
-5.125227391466170568e-01
-5.257009263150577150e-01
-5.183823051072750099e-01
-5.046672091069754895e-01
-5.138811748359695120e-01
-8.857588328679542045e-01
-8.023668844100166897e-01
-7.369905759593281536e-01
-7.187492202457393953e-01
-6.389154754017644100e-01
-6.263117752319954379e-01
-5.679431986031937551e-01
-5.941204354189051351e-01
-6.455762009918835087e-01
-7.003837991552472886e-01
-6.206786446426852955e-01
-6.945858897736543192e-01
-5.999235605334851673e-01
-6.449153832315683843e-01
-4.767305972140856718e-01
-4.273542666462185058e-01
-5.121992598374082162e-01
-5.545474909939389629e-01
-7.348018219057288469e-01
-8.367218000410090450e-01
-1.244224511167560498e+00
-1.776792890434502725e+00
-1.956898523112714727e+00
-1.779911013690942623e+00
-8.368681346404212018e-01
1.673015576648881619e-01
-1.942967447455675734e-01
-9.646826118901495883e-01
-2.774796539509316595e+00
-6.107979513024640816e+00
-1.150683323616463483e+01
-1.521411565835775015e+01
-1.904937528315006290e+01
-2.116942049178109642e+01
-2.378696089133988067e+01
-2.806754394548645593e+01
-3.719872476534924743e+01
-3.801189028649391588e+01
-3.143433621738648043e+01
-1.677851438751912738e+01
-1.505703450109429831e+01
-1.880629324746469777e+01
-1.332163193868069584e+01
8.008119243429495882e+00
1.528554336915034284e+01
6.622167101025433489e+00
-7.762436956931708210e+00
-6.544370464407059274e+00
8.393790343372920404e+00
5.880134092925025868e+00
-2.500471677910336865e+00
-1.225238833852447762e+01
-1.933125511662360196e+01
-9.765065397673481584e+00
-2.060387681223486034e+00
-1.437228840068373081e+01
-5.756763277103432586e+01
-9.213058097457026463e+01
-8.029483862250523885e+01
-5.852669568752656204e+01
-1.109940469387034625e+02
-2.249255628578000881e+02
-2.486677643378071423e+02
-2.086372941834571577e+02
-1.909545868753928062e+02
-2.425702231688815118e+02
-3.063880185664158944e+02
-3.033101661012437944e+02
-2.561110807594947119e+02
-2.006003076680703714e+02
-1.876905504839638468e+02
-2.120825791402504308e+02
-2.294818999636275407e+02
-1.718663338184326790e+02
-6.926605995529213544e+01
-5.115373069407658591e+01
-1.042267895884828590e+02
-1.187988287382598855e+02
-2.538240268764517893e+01
5.503623865699545803e+01
2.162124733136632670e+01
-3.934678817102805937e+01
-4.174993076621608168e+01
3.302001132373843006e+01
7.227704522350300920e+01
5.700001431360601600e+01
-4.349514090748487938e+00
-7.549200057706001132e+01
-5.386724210374838151e+01
5.059985752105365719e+01
7.321294354788534520e+01
-1.690076831220501674e+02
-4.534155375534201085e+02
-3.132354860220959836e+02
-2.207880583824588072e+01
-1.320183285945880129e+02
-7.694858787439650314e+02
-9.584968256026444351e+02
-5.291365325931601546e+02
-1.009556963048751186e+02
-3.208416537212082744e+02
-6.582085076728716331e+02
-5.915531164386763976e+02
-1.639672436437128340e+02
3.037313443472247059e+02
5.222167179965083506e+02
3.643034136538505550e+02
1.532011074304639351e+02
5.356822813189064618e+02
1.212268156625793608e+03
1.414529316726806883e+03
9.635677923895515278e+02
7.276671929378243249e+02
1.205083777934945601e+03
1.746965663198045377e+03
1.593168355703089219e+03
1.095739259943842171e+03
1.006431933999334092e+03
1.290547572421052791e+03
1.439557115259852708e+03
1.292917080771690280e+03
9.229047272015371846e+02
4.903006655276856804e+02
4.056161472326775765e+02
7.096861661363238909e+02
7.363106820491514100e+02
-1.376174830635189608e+02
-1.198901359707333313e+03
-1.039371129190367583e+03
-2.414396102177054786e+02
-4.795963479319715930e+02
-1.637996180776304072e+03
-2.202567341553391088e+03
-1.426340622230824010e+03
-5.162018530342689928e+02
-5.652301536548737886e+02
-8.910670424843377759e+02
-8.177722900475995402e+02
-1.756954652438558071e+02
7.033703743782461970e+02
1.482516655361281209e+03
1.552099107536792644e+03
1.276637252256059128e+03
1.691797378409240537e+03
2.886683604088344055e+03
3.482220801688851680e+03
2.991205290560422327e+03
2.692749888108637151e+03
3.322768356417847826e+03
4.262416147998727865e+03
4.259558529051689220e+03
3.623383593791355452e+03
3.318484196977016836e+03
3.498319140190906182e+03
3.662217277114664739e+03
3.436369932186962615e+03
4.105380269615997349e+03
1.228296369856723231e+03
-2.330479779036569710e+02
-5.281363058982388793e+03
-5.395357175526508399e+03
-7.063120544161385624e+03
-7.442042470576383494e+03
-4.515259513428624814e+03
-3.004966879150933437e+03
4.522905771715585956e+02
4.735727004580800894e+03
6.408578868465850974e+03
9.539894270471017080e+03
1.051060685678878326e+04
1.047977080574774118e+04
1.056638153311897258e+04
8.625616864246132536e+03
6.919477004340120402e+03
4.572213690628839686e+03
9.394815306956120367e+02
-2.275379669432458286e+03
-4.653242119632836875e+03
-6.581826409037530539e+03
-7.352227689078236835e+03
-7.395522302729164039e+03
-6.275095928153135901e+03
-4.904851921491594112e+03
-3.364519733268875370e+03
-1.356968517090353771e+03
6.759135394455337291e+02
3.839057981220199508e+03
4.426255702308929358e+03
1.719567148374813087e+03
-2.141468183575094372e+03
-5.902954095244879682e+03
-7.262187381055900914e+03
-7.568133565692035518e+03
-7.197437717085492295e+03
-5.826881490047466286e+03
-4.224636864316550600e+03
-2.908568212001276152e+03
-2.477855487197508864e+03
-2.709913305282193051e+03
-3.374583788199481660e+03
-3.419545353630508544e+03
