0.000000000000000000e+00
0.000000000000000000e+00
0.000000000000000000e+00
0.000000000000000000e+00
0.000000000000000000e+00
0.000000000000000000e+00
0.000000000000000000e+00
0.000000000000000000e+00
0.000000000000000000e+00
0.000000000000000000e+00
0.000000000000000000e+00
0.000000000000000000e+00
0.000000000000000000e+00
0.000000000000000000e+00
0.000000000000000000e+00
0.000000000000000000e+00
0.000000000000000000e+00
0.000000000000000000e+00
0.000000000000000000e+00
0.000000000000000000e+00
0.000000000000000000e+00
0.000000000000000000e+00
0.000000000000000000e+00
0.000000000000000000e+00
0.000000000000000000e+00
0.000000000000000000e+00
0.000000000000000000e+00
0.000000000000000000e+00
1.572749285006675183e-04
1.677599237340453547e-04
1.785831446201127952e-04
1.897445911588698398e-04
2.012442633503165156e-04
7.355381987494178471e-04
7.775689529636702893e-04
8.207672281283185604e-04
8.651330242433628772e-04
9.106663413088030229e-04
2.897135797810064875e-03
3.041992587700568639e-03
3.190382470027425255e-03
3.342305444790635589e-03
3.497761511990200509e-03
3.832251452447819288e-03
4.002573739223277798e-03
4.176598684406898458e-03
4.354326287998681703e-03
4.535756549998626666e-03
5.486402126851475970e-03
5.705858211925534697e-03
5.929617357491243079e-03
6.157679563548598516e-03
6.390044830097601873e-03
8.503723036112988826e-03
8.812949328335279581e-03
9.127697518632967022e-03
9.447967607006054619e-03
9.773759593454538902e-03
9.993326860625260585e-03
1.032643775597943611e-02
1.066500948568367864e-02
1.100904204973799164e-02
1.135853544814237337e-02
1.378976428962160918e-02
1.421406472930227503e-02
1.464479396352355751e-02
1.508195199228545315e-02
1.552553881558796714e-02
1.933910986940687998e-02
1.989165586567564689e-02
2.045198419992003136e-02
2.102009487214003339e-02
2.159598788233564950e-02
2.282311505009040203e-02
2.343173145142615071e-02
2.404835596330578626e-02
2.467298858572931214e-02
2.530562931869672835e-02
2.537174644069946708e-02
2.600604010171695193e-02
2.664816454867292503e-02
2.729811978156738983e-02
2.795590580040033593e-02
3.363482406796040880e-02
3.442623169308889342e-02
3.522684173246305034e-02
3.603665418608289345e-02
3.685566905394841580e-02
3.343391853328322311e-02
3.417689450068951695e-02
3.492803503916620811e-02
3.568734014871329657e-02
3.645480982933078928e-02
3.608047646085691534e-02
3.684006543898021152e-02
3.760756680229230403e-02
3.838298055079317900e-02
3.916630668448282948e-02
4.190122707587175949e-02
4.273925161738920120e-02
4.358557343159492198e-02
4.444019251848894264e-02
4.530310887807125625e-02
4.617432251034185586e-02
4.705383341530074842e-02
4.794164159294792699e-02
4.883774704328340543e-02
5.101447293199852517e-02
5.195051830689757788e-02
5.289507318520481061e-02
5.384813756692020947e-02
5.480971145204378836e-02
5.577979484057554033e-02
5.675838773251545843e-02
5.774549012786354962e-02
5.874110202661982083e-02
6.042225502901159284e-02
6.144636104645247177e-02
6.247907299681301763e-02
6.352039088009323042e-02
6.457031469629312403e-02
6.562884444541268458e-02
6.669598012745191207e-02
6.777172174241080649e-02
6.885606929028938172e-02
6.987580794584595523e-02
7.097621437018998558e-02
7.208521771972420389e-02
7.320281799444861015e-02
7.432901519436320437e-02
7.546380931946798654e-02
7.660720036976295666e-02
7.775918834524811474e-02
7.891977324592346077e-02
8.326989182240283893e-02
8.449444905508522730e-02
8.572794466172881100e-02
8.697037864233357618e-02
8.822175099689952282e-02
8.948206172542666481e-02
9.075131082791498827e-02
9.202949830436449319e-02
9.331662415477517958e-02
9.602529431689785233e-02
9.734978113506197184e-02
9.868333978074775303e-02
1.000259702539551959e-01
1.013776725546843283e-01
1.027384466829351223e-01
1.041082926387075919e-01
1.054872104220017370e-01
1.068752000328175439e-01
1.063892691573530142e-01
1.077709479775783852e-01
1.091615408547084304e-01
1.105610477887431636e-01
1.119694687796825572e-01
1.133868038275266388e-01
1.148130529322754084e-01
1.162482160939288522e-01
1.176922933124869702e-01
1.186549388544084482e-01
1.201108276747079456e-01
1.215755938658629048e-01
1.230492374278733814e-01
1.245317583607393197e-01
1.260231566644607615e-01
1.275234323390376512e-01
1.290325853844700721e-01
1.305506158007579409e-01
1.308452772466695280e-01
1.323667339588401048e-01
1.338969852184798692e-01
1.354360310255888489e-01
1.369838713801669883e-01
1.385405062822143429e-01
1.401059357317309129e-01
1.416801597287166425e-01
1.432631782731715875e-01
1.457762021728249147e-01
1.473869889371655362e-01
1.490066261782332924e-01
1.506351138960281832e-01
1.522724520905502088e-01
1.539186407617994246e-01
1.555736799097757472e-01
1.572375695344792323e-01
1.589103096359098799e-01
1.620100702387103631e-01
1.637154393991178403e-01
1.654297371938730221e-01
1.671529636229758531e-01
1.688851186864263887e-01
1.706262023842245734e-01
1.723762147163704905e-01
1.741351556828640568e-01
1.759030252837053276e-01
1.800837636337973557e-01
1.818936507054938201e-01
1.837125872125487391e-01
1.855405731549621962e-01
1.873776085327340801e-01
1.892236933458644743e-01
1.910788275943533232e-01
1.929430112782006823e-01
1.948162443974064961e-01
1.994177982428531615e-01
2.013352770721113794e-01
2.032619304412225103e-01
2.051977583501864988e-01
2.071427607990034558e-01
2.090969377876732704e-01
2.110602893161960536e-01
2.130328153845716943e-01
2.150145159928002758e-01
2.294996633390793406e-01
2.316148676094856029e-01
2.337397746517744512e-01
2.358743844659459132e-01
2.380186970519999612e-01
2.401727124099366228e-01
2.423364305397558427e-01
2.445098514414577040e-01
2.466929751150421513e-01
2.792395270471131341e-01
2.817106733041672140e-01
2.841927056680805808e-01
2.866856241388532345e-01
2.891894287164851196e-01
2.917041194009762917e-01
2.942296961923267506e-01
2.967661590905364410e-01
2.993135080956054184e-01
2.908011452396910279e-01
2.932760486034330927e-01
2.957614388458350563e-01
2.982573159668969742e-01
3.007636799666187910e-01
3.032805308450005066e-01
3.058078686020421766e-01
3.083456932377437454e-01
3.108940047521053240e-01
3.543220238923207033e-01
3.572263027766839349e-01
3.601424358605752607e-01
3.630704231439946250e-01
3.660102646269419169e-01
3.689619603094172473e-01
3.719255101914206163e-01
3.749009142729519684e-01
3.778881725540113590e-01
3.918768708069219064e-01
3.949747116828659643e-01
3.980847487827310904e-01
4.012069821065172293e-01
4.043414116542243808e-01
4.074880374258525451e-01
4.106468594214017775e-01
4.138178776408720783e-01
4.170010920842633917e-01
4.231900483669999713e-01
4.264205067514809100e-01
4.296632482476898662e-01
4.329182728556269510e-01
4.361855805752920534e-01
4.394651714066852288e-01
4.427570453498064773e-01
4.460612024046557433e-01
4.493776425712330824e-01
5.033145527247098183e-01
5.070290512688035989e-01
5.107572060575447104e-01
5.144990170909333749e-01
5.182544843689693703e-01
5.220236078916528077e-01
5.258063876589835761e-01
5.296028236709618975e-01
5.334129159275874388e-01
5.705162777531079810e-01
5.745913940227730388e-01
5.786810124855685800e-01
5.827851331414946046e-01
5.869037559905511126e-01
5.910368810327381039e-01
5.951845082680554677e-01
5.993466376965035369e-01
6.035232693180818675e-01
6.901915079176325074e-01
6.949679197371315675e-01
6.997608019422153491e-01
7.045701545328834081e-01
7.093959775091360775e-01
7.142382708709731354e-01
7.190970346183948037e-01
7.239722687514007493e-01
7.288639732699914164e-01
8.107763387406368150e-01
8.162177906784934267e-01
8.216774414522626246e-01
8.271552910619442978e-01
8.326513395075386681e-01
8.381655867890455136e-01
8.436980329064650563e-01
8.492486778597970742e-01
8.548175216490415673e-01
9.349714033421498982e-01
9.410624222564309971e-01
9.471732172061479993e-01
9.533037881913011269e-01
9.594541352118901578e-01
9.656242582679150921e-01
9.718141573593761517e-01
9.780238324862731147e-01
9.842532836486060921e-01
1.054446940304514024e+00
1.061120655116567946e+00
1.067815422656735569e+00
1.074531242925017116e+00
1.081268115921412143e+00
1.088026041645920872e+00
1.094805020098543524e+00
1.101605051279279879e+00
1.108426135188129713e+00
1.145652736142503292e+00
1.152702906826457152e+00
1.159774703800852791e+00
1.166868127065689764e+00
1.173983176620968294e+00
1.181119852466688602e+00
1.188278154602850245e+00
1.195458083029453666e+00
1.202659637746498644e+00
9.940419149551773526e-01
9.999942617513162268e-01
1.005964376746846467e+00
1.011952259941768073e+00
1.017957911336081267e+00
1.023981330929785827e+00
1.030022518722881975e+00
1.036081474715369488e+00
1.042158198907248590e+00
8.973831076559581899e-01
9.026156622195496970e-01
9.078634276975703354e-01
9.131264040900199941e-01
9.184045913968987840e-01
9.236979896182064831e-01
9.290065987539433134e-01
9.343304188041091640e-01
9.396694497687041459e-01
3.390576327819139757e-01
3.409840966045384891e-01
3.429160178317596785e-01
3.448533964635775440e-01
3.467962324999920298e-01
3.487445259410032472e-01
3.506982767866110851e-01
3.526574850368155989e-01
3.546221506916168442e-01
-3.141516308712895000e-01
-3.158920831198838708e-01
-3.176373432476180536e-01
-3.193874112544919930e-01
-3.211422871405056334e-01
-3.229019709056591414e-01
-3.246664625499523504e-01
-3.264357620733853715e-01
-3.282098694759580937e-01
-1.376291347973976897e+00
-1.383730760665728088e+00
-1.391190225682793935e+00
-1.398669743025174661e+00
-1.406169312692870044e+00
-1.413688934685879861e+00
-1.421228609004204779e+00
-1.428788335647843910e+00
-1.436368114616798142e+00
-2.762881908103499651e+00
-2.777461759861301616e+00
-2.792079979650045285e+00
-2.806736567469730659e+00
-2.821431523320357293e+00
-2.836164847201926076e+00
-2.850936539114435675e+00
-2.865746599057887423e+00
-2.880595027032280431e+00
-4.477372907721401951e+00
-4.500452149513780142e+00
-4.523590720976575774e+00
-4.546788622109789735e+00
-4.570045852913419360e+00
-4.593362413387468202e+00
-4.616738303531933596e+00
-4.640173523346816431e+00
-4.663668072832116707e+00
-6.471766233533069013e+00
-6.504369589873286728e+00
-6.537054864194257853e+00
-6.569822056495982388e+00
-6.602671166778462997e+00
-6.635602195041697904e+00
-6.668615141285685333e+00
-6.701710005510428836e+00
-6.734886787715925749e+00
-8.516424341406091614e+00
-8.558377170674102530e+00
-8.600433078146702215e+00
-8.642592063823892445e+00
-8.684854127705673221e+00
-8.727219269792040990e+00
-8.769687490083001080e+00
-8.812258788578548163e+00
-8.854933165278687568e+00
-9.250336164734235922e+00
-9.294916098058257248e+00
-9.339603194683537168e+00
-9.384397454610077460e+00
-9.429298877837876347e+00
-9.474307464366935605e+00
-9.519423214197253458e+00
-9.564646127328833458e+00
-9.609976203761670277e+00
-9.133197365202452289e+00
-9.176278484849632378e+00
-9.219460971837159846e+00
-9.262744826165034695e+00
-9.306130047833255148e+00
-9.349616636841821204e+00
-9.393204593190732865e+00
-9.436893916879993682e+00
-9.480684607909600103e+00
-9.297208702389434976e+00
-9.340151929652202867e+00
-9.383194104443226990e+00
-9.426335226762505570e+00
-9.469575296610040382e+00
-9.512914313985829651e+00
-9.556352278889875151e+00
-9.599889191322175108e+00
-9.643525051282731297e+00
-1.137769242422680627e+01
-1.142917519537715521e+01
-1.148077418045786402e+01
-1.153248937946893626e+01
-1.158432079241036838e+01
-1.163626841928216393e+01
-1.168833226008432113e+01
-1.174051231481683999e+01
-1.179280858347972227e+01
-1.453530763489154687e+01
-1.459976576187554365e+01
-1.466436649533517134e+01
-1.472910983527042461e+01
-1.479399578168130702e+01
-1.485902433456782035e+01
-1.492419549392995926e+01
-1.498950925976772552e+01
-1.505496563208112271e+01
-1.287151983804293920e+01
-1.292748296777355854e+01
-1.298356749257951925e+01
-1.303977341246081600e+01
-1.309610072741744879e+01
-1.315254943744942118e+01
-1.320911954255672960e+01
-1.326581104273937761e+01
-1.332262393799736166e+01
-9.268376352849113431e+00
-9.307900345825016686e+00
-9.347508432402994671e+00
-9.387200612583050940e+00
-9.426976886365181940e+00
-9.466837253749391223e+00
-9.506781714735675237e+00
-9.546810269324035758e+00
-9.586922917514472786e+00
-8.480489012943261073e+00
-8.515972230570639567e+00
-8.551529525896611972e+00
-8.587160898921181840e+00
-8.622866349644347395e+00
-8.658645878066108637e+00
-8.694499484186463789e+00
-8.730427168005416405e+00
-8.766428929522964708e+00
-1.287225606542408229e+01
-1.292511954002541330e+01
-1.297809134141896159e+01
-1.303117146960472184e+01
-1.308435992458270114e+01
-1.313765670635289595e+01
-1.319106181491530627e+01
-1.324457525026993210e+01
-1.329819701241677343e+01
-1.465548384071978205e+01
-1.471457853362590917e+01
-1.477379212933466590e+01
-1.483312462784605046e+01
-1.489257602916006107e+01
-1.495214633327670128e+01
-1.501183554019596933e+01
-1.507164364991786698e+01
-1.513157066244239068e+01
-1.151357652360786865e+01
-1.155917484647364191e+01
-1.160486328460199701e+01
-1.165064183799293218e+01
-1.169651050664644742e+01
-1.174246929056254274e+01
-1.178851818974121990e+01
-1.183465720418247713e+01
-1.188088633388631621e+01
-8.321447614786743330e+00
-8.353826788385134705e+00
-8.386268834165271358e+00
-8.418773752127151511e+00
-8.451341542270776941e+00
-8.483972204596147648e+00
-8.516665739103261856e+00
-8.549422145792119565e+00
-8.582241424662724327e+00
-9.786770816409378071e+00
-9.824196326223562536e+00
-9.861693258766399239e+00
-9.899261614037891732e+00
-9.936901392038034686e+00
-9.974612592766833430e+00
-1.001239521622428263e+01
-1.005024926241038585e+01
-1.008817473132514309e+01
-1.387895699828089846e+01
-1.393113352834962448e+01
-1.398340795059483987e+01
-1.403578026501654286e+01
-1.408825047161473520e+01
-1.414081857038941692e+01
-1.419348456134058800e+01
-1.424624844446824667e+01
-1.429911021977239827e+01
-1.426416903612635423e+01
-1.431690163884770861e+01
-1.436973153419400973e+01
-1.442265872216525757e+01
-1.447568320276145393e+01
-1.452880497598259701e+01
-1.458202404182868861e+01
-1.463534040029972516e+01
-1.468875405139570844e+01
-1.233834791040536416e+01
-1.238321463007956602e+01
-1.242816277755716747e+01
-1.247319235283817207e+01
-1.251830335592257804e+01
-1.256349578681038537e+01
-1.260876964550159407e+01
-1.265412493199620414e+01
-1.269956164629421558e+01
-9.852637398853197226e+00
-9.887888337668414351e+00
-9.923202224588658638e+00
-9.958579059613930085e+00
-9.994018842744228692e+00
-1.002952157397955446e+01
-1.006508725331990739e+01
-1.010071588076528748e+01
-1.013640745631569473e+01
-1.034563550989050995e+01
-1.038206380393942041e+01
-1.041855611959474359e+01
-1.045511245685647950e+01
-1.049173281572462813e+01
-1.052841719619918948e+01
-1.056516559828016533e+01
-1.060197802196755212e+01
-1.063885446726135164e+01
-1.402381989478566737e+01
-1.407242932249722678e+01
-1.412112284956469388e+01
-1.416990047598805802e+01
-1.421876220176732986e+01
-1.426770802690250051e+01
-1.431673795139357530e+01
-1.436585197524055069e+01
-1.441505009844343022e+01
-1.906371969085379448e+01
-1.912878358058367212e+01
-1.919395831169298461e+01
-1.925924388418173905e+01
-1.932464029804992833e+01
-1.939014755329755602e+01
-1.945576564992461854e+01
-1.952149458793112302e+01
-1.958733436731706234e+01
-2.021242597692044995e+01
-2.028036690457396674e+01
-2.034842182707253855e+01
-2.041659074441616539e+01
-2.048487365660484372e+01
-2.055327056363858418e+01
-2.062178146551737967e+01
-2.069040636224123375e+01
-2.075914525381013931e+01
-1.237247336733017811e+01
-1.241344182218888825e+01
-1.245447799350190898e+01
-1.249558188126924030e+01
-1.253675348549088753e+01
-1.257799280616684356e+01
-1.261929984329711196e+01
-1.266067459688169450e+01
-1.270211706692058584e+01
-8.738022296098401753e+00
-8.766531341110141540e+00
-8.795086817791283096e+00
-8.823688726141822869e+00
-8.852337066161764412e+00
-8.881031837851105948e+00
-8.909773041209847477e+00
-8.938560676237989000e+00
-8.967394742935530516e+00
-1.977785098336728353e+01
-1.984144535951958943e+01
-1.990514181332222421e+01
-1.996894034477517721e+01
-2.003284095387845909e+01
-2.009684364063206630e+01
-2.016094840503599528e+01
-2.022515524709024959e+01
-2.028946416679482923e+01
-3.239482251863344686e+01
-3.249750024452452379e+01
-3.260034043517175206e+01
-3.270334309057513167e+01
-3.280650821073467682e+01
-3.290983579565038042e+01
-3.301332584532223535e+01
-3.311697835975024873e+01
-3.322079333893442055e+01
-2.797446128207894489e+01
-2.806188147358544427e+01
-2.814943804604592614e+01
-2.823713099946040117e+01
-2.832496033382885869e+01
-2.841292604915131292e+01
-2.850102814542774610e+01
-2.858926662265817598e+01
-2.867764148084259190e+01
-6.910654502001028376e+00
-6.931950817877766013e+00
-6.953279897317389491e+00
-6.974641740319900585e+00
-6.996036346885299295e+00
-7.017463717013584734e+00
-7.038923850704757790e+00
-7.060416747958818462e+00
-7.081942408775765863e+00
-7.399104961768207644e+00
-7.421594642503065664e+00
-7.444118450219312066e+00
-7.466676384916945963e+00
-7.489268446595968243e+00
-7.511894635256379793e+00
-7.534554950898178838e+00
-7.557249393521366265e+00
-7.579977963125941187e+00
-2.624636976866775129e+01
-2.632506952809404410e+01
-2.640388710153144913e+01
-2.648282248897997349e+01
-2.656187569043961361e+01
-2.664104670591037305e+01
-2.672033553539225181e+01
-2.679974217888524279e+01
-2.687926663638935665e+01
-3.727279382437139787e+01
-3.738306836231333108e+01
-3.749350578731277750e+01
-3.760410609936975135e+01
-3.771486929848423841e+01
-3.782579538465625291e+01
-3.793688435788578772e+01
-3.804813621817283575e+01
-3.815955096551741121e+01
-2.165849909982995314e+01
-2.172173559355208283e+01
-2.178506426875194535e+01
-2.184848512542953358e+01
-2.191199816358485464e+01
-2.197560338321789786e+01
-2.203930078432867745e+01
-2.210309036691718276e+01
-2.216697213098341734e+01
-6.054992139730528855e+00
-6.072441684801798800e+00
-6.089916337132163626e+00
-6.107416096721623333e+00
-6.124940963570179697e+00
-6.142490937677830942e+00
-6.160066019044576180e+00
-6.177666207670418075e+00
-6.195291503555354851e+00
-6.157325588046536069e+00
-6.174842872792045689e+00
-6.192385040044295685e+00
-6.209952089803286057e+00
-6.227544022069018581e+00
-6.245160836841490593e+00
-6.262802534120703868e+00
-6.280469113906658407e+00
-6.298160576199352434e+00
-1.579232186413764261e+01
-1.583668231881218524e+01
-1.588110499011320087e+01
-1.592558987804068948e+01
-1.597013698259464931e+01
-1.601474630377508035e+01
-1.605941784158198615e+01
-1.610415159601536317e+01
-1.614894756707521140e+01
-2.517843794143648495e+01
-2.524828104252230077e+01
-2.531822087920518527e+01
-2.538825745148514912e+01
-2.545839075936217810e+01
-2.552862080283627932e+01
-2.559894758190745279e+01
-2.566937109657570204e+01
-2.573989134684101643e+01
-2.252701806454116706e+01
-2.258873592225223703e+01
-2.265053820931722228e+01
-2.271242492573611926e+01
-2.277439607150893508e+01
-2.283645164663566263e+01
-2.289859165111630546e+01
-2.296081608495086002e+01
-2.302312494813932986e+01
-7.557924363755232022e+00
-7.578378827527235018e+00
-7.598860932466497076e+00
-7.619370678573020861e+00
-7.639908065846801932e+00
-7.660473094287842954e+00
-7.681065763896143928e+00
-7.701686074671703963e+00
-7.722334026614523061e+00
4.836332185199045064e+00
4.849263554678187482e+00
4.862212189003095375e+00
4.875178088173770519e+00
4.888161252190212025e+00
4.901161681052419894e+00
4.914179374760395014e+00
4.927214333314135608e+00
4.940266556713643453e+00
-2.350072592972125118e+00
-2.356281503389488385e+00
-2.362498604981545292e+00
-2.368723897748294949e+00
-2.374957381689737801e+00
-2.381199056805873848e+00
-2.387448923096703091e+00
-2.393706980562225084e+00
-2.399973229202440272e+00
-2.439466192578397141e+01
-2.445835556005495093e+01
-2.452213223687386900e+01
-2.458599195624072919e+01
-2.464993471815552795e+01
-2.471396052261826526e+01
-2.477806936962895179e+01
-2.484226125918757333e+01
-2.490653619129414054e+01
-1.974044609120024063e+01
-1.979138917788721130e+01
-1.984239791288176491e+01
-1.989347229618390500e+01
-1.994461232779363513e+01
-1.999581800771094819e+01
-2.004708933593584774e+01
-2.009842631246833378e+01
-2.014982893730840630e+01
2.651350940873935524e+00
2.658114591233307511e+00
2.664886857707787104e+00
2.671667740297374749e+00
2.678457239002069112e+00
2.685255353821871527e+00
2.692062084756781104e+00
2.698877431806798288e+00
2.705701394971923079e+00
1.329836496868033535e+01
1.333190435069466240e+01
1.336548597374427061e+01
1.339910983782916176e+01
1.343277594294933586e+01
1.346648428910479112e+01
1.350023487629553109e+01
1.353402770452155401e+01
1.356786277378285455e+01
-7.319672760263471467e+00
-7.337926308294053790e+00
-7.356202588015831267e+00
-7.374501599428806564e+00
-7.392823342532977016e+00
-7.411167817328344398e+00
-7.429535023814907824e+00
-7.447924961992667292e+00
-7.466337631861623692e+00
-2.514637881546957132e+01
-2.520839208011931376e+01
-2.527048171578462998e+01
-2.533264772246552710e+01
-2.539489010016200510e+01
-2.545720884887405688e+01
-2.551960396860168956e+01
-2.558207545934489957e+01
-2.564462332110369047e+01
-1.260379329873208754e+01
-1.263453425799728791e+01
-1.266531266057462624e+01
-1.269612850646410251e+01
-1.272698179566571675e+01
-1.275787252817946893e+01
-1.278880070400535729e+01
-1.281976632314338538e+01
-1.285076938559355142e+01
8.650280455278362979e+00
8.671149648174088398e+00
8.692043984675713375e+00
8.712963464783236134e+00
8.733908088496656674e+00
8.754877855815976773e+00
8.775872766741194653e+00
8.796892821272312091e+00
8.817938019409325534e+00
1.078733170219217641e+01
1.081307712391578768e+01
1.083885323148173718e+01
1.086466002489002491e+01
1.089049750414065620e+01
1.091636566923362750e+01
1.094226452016893703e+01
1.096819405694659011e+01
1.099415427956658142e+01
-7.332582511297895955e+00
-7.349896755716545549e+00
-7.367231417876253907e+00
-7.384586497777022807e+00
-7.401961995418851359e+00
-7.419357910801739564e+00
-7.436774243925686534e+00
-7.454210994790694933e+00
-7.471668163396762097e+00
-1.788767138084886099e+01
-1.792946500557046718e+01
-1.797130739764881113e+01
-1.801319855708388928e+01
-1.805513848387570519e+01
-1.809712717802425175e+01
-1.813916463952953606e+01
-1.818125086839155458e+01
-1.822338586461030374e+01
-1.314757642057748477e+01
-1.317797544120309716e+01
-1.320840956462389038e+01
-1.323887879083986263e+01
-1.326938311985101393e+01
-1.329992255165734605e+01
-1.333049708625885721e+01
-1.336110672365554919e+01
-1.339175146384741844e+01
4.370296341743492796e+00
4.380297019871052022e+00
4.390309127345043194e+00
4.400332664165466312e+00
4.410367630332319600e+00
4.420414025845605721e+00
4.430471850705322012e+00
4.440541104911471137e+00
4.450621788464050432e+00
1.792732900514783978e+01
1.796793450685825277e+01
1.800858594239413080e+01
1.804928331175547385e+01
1.809002661494228192e+01
1.813081585195455148e+01
1.817165102279228961e+01
1.821253212745548922e+01
1.825345916594415385e+01
5.051967514439276385e+00
5.063294795861785325e+00
5.074634761809964090e+00
5.085987412283812681e+00
5.097352747283329322e+00
5.108730766808514900e+00
5.120121470859370305e+00
5.131524859435894648e+00
5.142940932538087928e+00
-3.347572332454446808e+01
-3.355003125645244211e+01
-3.362442156965965978e+01
-3.369889426416609979e+01
-3.377344933997177634e+01
-3.384808679707668944e+01
-3.392280663548083197e+01
-3.399760885518420395e+01
-3.407249345618681247e+01
-5.428876479744060646e+01
-5.440808076402839077e+01
-5.452752770313712460e+01
-5.464710561476681505e+01
-5.476681449891745501e+01
-5.488665435558904448e+01
-5.500662518478158347e+01
-5.512672698649508618e+01
-5.524695976072953130e+01
-2.620058267004813590e+00
-2.625760243646826808e+00
-2.631468418089537131e+00
-2.637182790332945448e+00
-2.642903360377051758e+00
-2.648630128221855617e+00
-2.654363093867357470e+00
-2.660102257313557317e+00
-2.665847618560454713e+00
4.920881498448259350e+01
4.931486846505260502e+01
4.942103610437456496e+01
4.952731790244849464e+01
4.963371385927437984e+01
4.974022397485221347e+01
4.984684824918201684e+01
4.995358668226378285e+01
5.006043927409749728e+01
-1.266761107332772163e+01
-1.269464973090152604e+01
-1.272171721433628377e+01
-1.274881352363199305e+01
-1.277593865878865920e+01
-1.280309261980627511e+01
-1.283027540668484434e+01
-1.285748701942436689e+01
-1.288472745802484276e+01
-1.284428282390704510e+02
-1.287143775588147889e+02
-1.289862136254648703e+02
-1.292583364390206953e+02
-1.295307459994822636e+02
-1.298034423068496039e+02
-1.300764253611226877e+02
-1.303496951623015150e+02
-1.306232517103860857e+02
-1.276808404077105052e+02
-1.279482348378837315e+02
-1.282159089693437295e+02
-1.284838628020905276e+02
-1.287520963361241115e+02
-1.290206095714445098e+02
-1.292894025080516940e+02
-1.295584751459456356e+02
-1.298278274851264200e+02
1.096599363361529811e+01
1.098874465775143072e+01
1.101151925807837628e+01
1.103431743459613656e+01
1.105713918730471335e+01
1.107998451620410307e+01
1.110285342129430752e+01
1.112574590257532670e+01
1.114866196004715881e+01
3.606345273667940887e+01
3.613758110818337599e+01
3.621178558684494675e+01
3.628606617266411405e+01
3.636042286564088499e+01
3.643485566577525248e+01
3.650936457306723071e+01
3.658394958751680548e+01
3.665861070912398390e+01
-1.065103269157329891e+02
-1.067272522251336682e+02
-1.069443982113496077e+02
-1.071617648743808076e+02
-1.073793522142272678e+02
-1.075971602308889885e+02
-1.078151889243659696e+02
-1.080334382946582110e+02
-1.082519083417657129e+02
-2.204418648645691405e+02
-2.208867525837710843e+02
-2.213320887784964270e+02
-2.217778734487451402e+02
-2.222241065945172807e+02
-2.226707882158127916e+02
-2.231179183126317014e+02
-2.235654968849739817e+02
-2.240135239328396608e+02
-1.523553238399885572e+02
-1.526600344876685540e+02
-1.529650495415899627e+02
-1.532703690017528402e+02
-1.535759928681571296e+02
-1.538819211408028309e+02
-1.541881538196900294e+02
-1.544946909048186399e+02
-1.548015323961886622e+02
-3.441671007469870602e+01
-3.448492951984182042e+01
-3.455321650899001895e+01
-3.462157104214331582e+01
-3.468999311930170393e+01
-3.475848274046517616e+01
-3.482703990563374674e+01
-3.489566461480741566e+01
-3.496435686798616871e+01
-2.302405661912230528e+01
-2.306929052210683295e+01
-2.311456881557514720e+01
-2.315989149952725512e+01
-2.320525857396315672e+01
-2.325067003888284844e+01
-2.329612589428633385e+01
-2.334162614017361292e+01
-2.338717077654468213e+01
-8.591956971919918828e+01
-8.608689117921709055e+01
-8.625437540330118225e+01
-8.642202239145142073e+01
-8.658983214366782022e+01
-8.675780465995040913e+01
-8.692593994029914484e+01
-8.709423798471404154e+01
-8.726269879319511347e+01
-1.689090966444819344e+02
-1.692351759816334322e+02
-1.695615697636616801e+02
-1.698882779905665927e+02
-1.702153006623482554e+02
-1.705426377790066113e+02
-1.708702893405416887e+02
-1.711982553469534878e+02
-1.715265357982419800e+02
-1.817575498798509841e+02
-1.821054112193339733e+02
-1.824536051222389972e+02
-1.828021315885661124e+02
-1.831509906183152907e+02
-1.835001822114865035e+02
-1.838497063680798362e+02
-1.841995630880952035e+02
-1.845497523715326338e+02
-8.048843392019500698e+01
-8.064116339632441566e+01
-8.079403763972976549e+01
-8.094705665041107068e+01
-8.110022042836833123e+01
-8.125352897360154714e+01
-8.140698228611070419e+01
-8.156058036589581661e+01
-8.171432321295689860e+01
2.202723333896547331e+01
2.206867686359193570e+01
2.211015933889943952e+01
2.215168076488798121e+01
2.219324114155756789e+01
2.223484046890818888e+01
2.227647874693985131e+01
2.231815597565255516e+01
2.235987215504630043e+01
-2.938465238271465196e+01
-2.943947449536896954e+01
-2.949434770039295373e+01
-2.954927199778661162e+01
-2.960424738754993612e+01
-2.965927386968292723e+01
-2.971435144418558849e+01
-2.976948011105791636e+01
-2.982465987029991794e+01
-1.862431543305203263e+02
-1.865877300092076894e+02
-1.869326241497053047e+02
-1.872778367520131440e+02
-1.876233678161312639e+02
-1.879692173420596362e+02
-1.883153853297982039e+02
-1.886618717793470807e+02
-1.890086766907061531e+02
-2.020077164374404219e+02
-2.023783727978761249e+02
-2.027493688983305162e+02
-2.031207047388036528e+02
-2.034923803192955063e+02
-2.038643956398061050e+02
-2.042367507003354206e+02
-2.046094455008834814e+02
-2.049824800414502874e+02
-4.567293919347982012e+01
-4.575605646225776724e+01
-4.583924929218913746e+01
-4.592251768327395212e+01
-4.600586163551219698e+01
-4.608928114890387917e+01
-4.617277622344899868e+01
-4.625634685914754129e+01
-4.633999305599952834e+01
4.756729482984270874e+01
4.765315637285686279e+01
4.773909533836246766e+01
4.782511172635951624e+01
4.791120553684800853e+01
4.799737676982795165e+01
4.808362542529934558e+01
4.816995150326217612e+01
4.825635500371645747e+01
-6.819396470378681840e+01
-6.831606669967541734e+01
-6.843827791022940232e+01
-6.856059833544874493e+01
-6.868302797533348780e+01
-6.880556682988358830e+01
-6.892821489909906063e+01
-6.905097218297991901e+01
-6.917383868152614923e+01
-1.998018233728110999e+02
-2.001567111585532075e+02
-2.005119138402897931e+02
-2.008674314180208000e+02
-2.012232638917462566e+02
-2.015794112614661628e+02
-2.019358735271805187e+02
-2.022926506888892959e+02
-2.026497427465925512e+02
-1.475336545490625326e+02
-1.477936257465058247e+02
-1.480538257918341856e+02
-1.483142546850476151e+02
-1.485749124261461134e+02
-1.488357990151297088e+02
-1.490969144519983445e+02
-1.493582587367520773e+02
-1.496198318693908504e+02
-6.655338553271323399e+00
-6.666973760532286519e+00
-6.678619129546317090e+00
-6.690274660313413335e+00
-6.701940352833576142e+00
-6.713616207106805511e+00
-6.725302223133101442e+00
-6.736998400912463936e+00
-6.748704740444891215e+00
1.277914213429463075e+01
1.280130890295776247e+01
1.282349488025924877e+01
1.284570006619909144e+01
1.286792446077729046e+01
1.289016806399384585e+01
1.291243087584875759e+01
1.293471289634202570e+01
1.295701412547365017e+01
-8.017013468646989338e+01
-8.030812114892509612e+01
-8.044622625838154306e+01
-8.058445001483924841e+01
-8.072279241829819796e+01
-8.086125346875840592e+01
-8.099983316621985807e+01
-8.113853151068255443e+01
-8.127734850214650919e+01
-1.446961052313307334e+02
-1.449432377765593287e+02
-1.451905811857343451e+02
-1.454381354588557826e+02
-1.456859005959236981e+02
-1.459338765969380347e+02
-1.461820634618988208e+02
-1.464304611908060281e+02
-1.466790697836596848e+02
-1.229280206827818489e+02
-1.231363732602102914e+02
-1.233449022581107215e+02
-1.235536076764831677e+02
-1.237624895153276015e+02
-1.239715477746440229e+02
-1.241807824544324603e+02
-1.243901935546928854e+02
-1.245997810754253123e+02
-5.041680914383422163e+01
-5.050161454188945243e+01
-5.058649120498506591e+01
-5.067143913312106207e+01
-5.075645832629743381e+01
-5.084154878451420245e+01
-5.092671050777133956e+01
-5.101194349606886647e+01
-5.109724774940677605e+01
2.209578970517004848e+01
2.213267750100505893e+01
2.216959606230781787e+01
2.220654538907833242e+01
2.224352548131659546e+01
2.228053633902261765e+01
2.231757796219638479e+01
2.235465035083790752e+01
2.239175350494718231e+01
-1.554167701995153639e+00
-1.556742959164987949e+00
-1.559320348170228243e+00
-1.561899869010873854e+00
-1.564481521686924781e+00
-1.567065306198381247e+00
-1.569651222545243252e+00
-1.572239270727510796e+00
-1.574829450745183657e+00
-1.524975471400966853e+02
-1.527483654742086685e+02
-1.529993899039115774e+02
-1.532506204292053553e+02
-1.535020570500900305e+02
-1.537536997665655747e+02
-1.540055485786320162e+02
-1.542576034862893550e+02
-1.545098644895375912e+02
-2.338416764191790662e+02
-2.342234587480267010e+02
-2.346055524817102764e+02
-2.349879576202297642e+02
-2.353706741635851927e+02
-2.357537021117765335e+02
-2.361370414648038150e+02
-2.365206922226670372e+02
-2.369046543853661433e+02
-7.657749386067716557e+01
-7.670160649254211194e+01
-7.682581962046526769e+01
-7.695013324444660441e+01
-7.707454736448612209e+01
-7.719906198058384916e+01
-7.732367709273974299e+01
-7.744839270095384620e+01
-7.757320880522613038e+01
1.171934622743371222e+02
1.173820277808123080e+02
1.175707448672766446e+02
1.177596135337301035e+02
1.179486337801726847e+02
1.181378056066043882e+02
1.183271290130252424e+02
1.185166039994352047e+02
1.187062305658343035e+02
-9.213459942891375931e+00
-9.228177930020596165e+00
-9.242907663348642444e+00
-9.257649142875512993e+00
-9.272402368601211364e+00
-9.287167340525735781e+00
-9.301944058649086244e+00
-9.316732522971262753e+00
-9.331532733492265308e+00
-3.322781133203714603e+02
-3.328051206372951469e+02
-3.333325455511418909e+02
-3.338603880619116921e+02
-3.343886481696046076e+02
-3.349173258742205803e+02
-3.354464211757596672e+02
-3.359759340742217546e+02
-3.365058645696070130e+02
-3.393016178164945700e+02
-3.398359510728984674e+02
-3.403707047331233184e+02
-3.409058787971691231e+02
-3.414414732650358815e+02
-3.419774881367234798e+02
-3.425139234122320886e+02
-3.430507790915615942e+02
-3.435880551747120535e+02
-5.773169560322450167e+01
-5.782197190596605907e+01
-5.791231873706912836e+01
-5.800273609653371665e+01
-5.809322398435982393e+01
-5.818378240054745021e+01
-5.827441134509658838e+01
-5.836511081800723844e+01
-5.845588081927941460e+01
9.379159915755718657e+01
9.393723828668383646e+01
9.408299040194634699e+01
9.422885550334470395e+01
9.437483359087893575e+01
9.452092466454902819e+01
9.466712872435498127e+01
9.481344577029679499e+01
9.495987580237446934e+01
-1.325185239794584788e+02
-1.327228701999356701e+02
-1.329273738520157053e+02
-1.331320349356985560e+02
-1.333368534509842505e+02
-1.335418293978727604e+02
-1.337469627763641427e+02
-1.339522535864583119e+02
-1.341577018281553535e+02
-3.267563834177717013e+02
-3.272567760416886244e+02
-3.277575515214770121e+02
-3.282587098571366937e+02
-3.287602510486678398e+02
-3.292621750960703935e+02
-3.297644819993443548e+02
-3.302671717584897237e+02
-3.307702443735064435e+02
-2.385901799150910847e+02
-2.389530547134410483e+02
-2.393162052525192394e+02
-2.396796315323256010e+02
-2.400433335528602470e+02
-2.404073113141231204e+02
-2.407715648161142212e+02
-2.411360940588335495e+02
-2.415008990422810768e+02
-3.408986567426531167e+01
-3.414136093963429630e+01
-3.419289506935449907e+01
-3.424446806342591998e+01
-3.429607992184856613e+01
-3.434773064462243752e+01
-3.439942023174752705e+01
-3.445114868322383472e+01
-3.450291599905136763e+01
7.010009313719933743e+01
7.020526957101358789e+01
7.031052484773175593e+01
7.041585896735382732e+01
7.052127192987980209e+01
7.062676373530968021e+01
7.073233438364347592e+01
7.083798387488118919e+01
7.094371220902280584e+01
2.863931279678363850e+01
2.868199433597407833e+01
2.872470765590851371e+01
2.876745275658695178e+01
2.881022963800938541e+01
2.885303830017581816e+01
2.889587874308625004e+01
2.893875096674067748e+01
2.898165497113911115e+01
-8.586933237436463173e+01
-8.599645203739108013e+01
-8.612366572383692187e+01
-8.625097343370217118e+01
-8.637837516698679963e+01
-8.650587092369084985e+01
-8.663346070381429342e+01
-8.676114450735713035e+01
-8.688892233431936063e+01
-1.453892309301805028e+02
-1.456030386227248812e+02
-1.458170034112961275e+02
-1.460311252958941850e+02
-1.462454042765191389e+02
-1.464598403531709323e+02
-1.466744335258495653e+02
-1.468891837945550378e+02
-1.471040911592873783e+02
-4.440520661225585641e+00
-4.447007908356667372e+00
-4.453499890704633479e+00
-4.459996608269483076e+00
-4.466498061051217050e+00
-4.473004249049835401e+00
-4.479515172265337242e+00
-4.486030830697723459e+00
-4.492551224346993166e+00
2.111549229837972632e+02
2.114613887646155490e+02
2.117680767831284072e+02
2.120749870393358378e+02
2.123821195332378409e+02
2.126894742648344163e+02
2.129970512341255642e+02
2.133048504411113129e+02
2.136128718857916056e+02
1.729384734286315108e+02
1.731878439743108800e+02
1.734373941817666775e+02
1.736871240509988468e+02
1.739370335820075013e+02
1.741871227747925559e+02
1.744373916293540390e+02
1.746878401456919505e+02
1.749384683238062905e+02
-3.218556011527564209e+01
-3.223167123291930380e+01
-3.227781535780537325e+01
-3.232399248993385044e+01
-3.237020262930473535e+01
-3.241644577591802800e+01
-3.246272192977372839e+01
-3.250903109087183651e+01
-3.255537325921235237e+01
-1.155664871837083183e+02
-1.157309946387741064e+02
-1.158956190977197309e+02
-1.160603605605452060e+02
-1.162252190272505175e+02
-1.163901944978356795e+02
-1.165552869723007063e+02
-1.167204964506455696e+02
-1.168858229328702691e+02
9.097794514521980602e+01
9.110662682152138814e+01
9.123539943893696602e+01
9.136426299746653967e+01
9.149321749711010909e+01
9.162226293786767428e+01
9.175139931973922103e+01
9.188062664272477775e+01
9.200994490682431604e+01
2.608716115143359957e+02
2.612382617062043551e+02
2.616051693771401006e+02
2.619723345271430617e+02
2.623397571562133521e+02
2.627074372643510287e+02
2.630753748515560346e+02
2.634435699178283130e+02
2.638120224631679207e+02
1.428279913740101108e+02
1.430274718088899988e+02
1.432270914485395394e+02
1.434268502929587044e+02
1.436267483421474935e+02
1.438267855961059070e+02
1.440269620548339731e+02
1.442272777183316350e+02
1.444277325865989496e+02
-4.874099881880577811e+01
-4.880864767212820254e+01
-4.887634343866375275e+01
-4.894408611841241452e+01
-4.901187571137420917e+01
-4.907971221754911539e+01
-4.914759563693714739e+01
-4.921552596953831227e+01
-4.928350321535258871e+01
-3.989219833689772798e+01
-3.994722205874172261e+01
-4.000228370182751547e+01
-4.005738326615509948e+01
-4.011252075172448173e+01
-4.016769615853565512e+01
-4.022290948658862675e+01
-4.027816073588338952e+01
-4.033344990641995054e+01
1.496172678134211083e+02
1.498223634512736169e+02
1.500275995655904353e+02
1.502329761563715351e+02
1.504384932236169163e+02
1.506441507673265789e+02
1.508499487875005229e+02
1.510558872841387483e+02
1.512619662572412551e+02
2.209216017743336238e+02
2.212225848830179871e+02
2.215237728814972513e+02
2.218251657697713881e+02
2.221267635478404259e+02
2.224285662157043362e+02
2.227305737733631190e+02
2.230327862208168312e+02
2.233352035580653592e+02
1.471111081495054691e+02
1.473103107333233481e+02
1.475096480956147218e+02
1.477091202363795617e+02
1.479087271556179246e+02
1.481084688533297538e+02
1.483083453295150775e+02
1.485083565841739244e+02
1.487085026173062090e+02
5.339598185352823378e+01
5.346784723960297470e+01
5.353976095478736852e+01
5.361172299908144367e+01
5.368373337248517885e+01
5.375579207499858114e+01
5.382789910662165056e+01
5.390005446735439421e+01
5.397225815719679076e+01
4.934082758409156355e+01
4.940683538019068521e+01
4.947288729914815519e+01
4.953898334096398770e+01
4.960512350563816852e+01
4.967130779317071188e+01
4.973753620356160354e+01
4.980380873681085774e+01
4.987012539291845314e+01
2.051437018820773233e+02
2.054164993579843213e+02
2.056894780946726655e+02
2.059626380921423561e+02
2.062359793503933929e+02
2.065095018694257476e+02
2.067832056492394202e+02
2.070570906898344390e+02
2.073311569912107757e+02
2.076054045533684871e+02
2.078798333763074879e+02
2.081544434600278350e+02
2.084292348045295284e+02
2.087042074098125397e+02
2.089793612758768973e+02
2.092546964027226011e+02
2.095302127903496228e+02
2.314443252123328705e+02
2.317486570009092191e+02
2.320531887446686312e+02
2.323579204436110786e+02
2.326628520977365611e+02
2.329679837070450787e+02
2.332733152715366032e+02
2.335788467912111628e+02
2.338845782660687860e+02
2.341905096961094443e+02
2.344966410813331095e+02
2.348029724217398098e+02
2.351095037173295452e+02
2.354162349681023159e+02
2.357231661740581217e+02
2.360302973351969626e+02
2.363376284515188104e+02
-4.846139433181714251e-01
-4.852441305006398031e-01
-4.858747271614593521e-01
-4.865057333006300722e-01
-4.871371489181520187e-01
-4.877689740140250807e-01
-4.884012085882493137e-01
-4.890338526408247732e-01
-4.896669061717514038e-01
-4.903003691810292608e-01
-4.909342416686582333e-01
-4.915685236346384324e-01
-4.922032150789698024e-01
-4.928383160016522879e-01
-4.934738264026860000e-01
-4.941097462820709385e-01
-4.947460756398070481e-01
3.077800728801189507e+02
3.081759314947557300e+02
3.085720445172425457e+02
3.089684119475794546e+02
3.093650337857662862e+02
3.097619100318032110e+02
3.101590406856901154e+02
3.105564257474271130e+02
3.109540652170140902e+02
3.113519590944510469e+02
3.117501073797380968e+02
3.121485100728751263e+02
3.125471671738621922e+02
3.129460786826992944e+02
3.133452445993863762e+02
3.137446649239235512e+02
3.141443396563107058e+02
-5.061282726963379019e+01
-5.067722017964604930e+01
-5.074165402602830000e+01
-5.080612880878056359e+01
-5.087064452790282587e+01
-5.093520118339508684e+01
-5.099979877525734651e+01
-5.106443730348961907e+01
-5.112911676809188322e+01
-5.119383716906414605e+01
-5.125859850640642179e+01
-5.132340078011868911e+01
-5.138824399020096934e+01
-5.145312813665324114e+01
-5.151805321947551164e+01
-5.158301923866778793e+01
-5.164802619423007002e+01
-1.047049610831327726e+01
-1.048367483217522000e+01
-1.049686184454273707e+01
-1.051005714541582492e+01
-1.052326073479448887e+01
-1.053647261267872537e+01
-1.054969277906853620e+01
-1.056292123396391958e+01
-1.057615797736487728e+01
-1.058940300927140754e+01
-1.060265632968351213e+01
-1.061591793860118926e+01
-1.062918783602444073e+01
-1.064246602195326652e+01
-1.065575249638766486e+01
-1.066904725932763753e+01
-1.068235031077318276e+01
2.337411898724881354e+01
2.340322747913829105e+01
2.343235408458836844e+01
2.346149880359904927e+01
2.349066163617033354e+01
2.351984258230222480e+01
2.354904164199471595e+01
2.357825881524781053e+01
2.360749410206150856e+01
2.363674750243581002e+01
2.366601901637071848e+01
2.369530864386622326e+01
2.372461638492233860e+01
2.375394223953905026e+01
2.378328620771636892e+01
2.381264828945429102e+01
2.384202848475281655e+01
-2.413907793721519681e+02
-2.416882418236272088e+02
-2.419858874416366064e+02
-2.422837162261801609e+02
-2.425817281772578724e+02
-2.428799232948697409e+02
-2.431783015790157663e+02
-2.434768630296959486e+02
-2.437756076469103164e+02
-2.440745354306588411e+02
-2.443736463809414943e+02
-2.446729404977583044e+02
-2.449724177811093000e+02
-2.452720782309944525e+02
-2.455719218474137904e+02
-2.458719486303672568e+02
-2.461721585798548517e+02
-4.357543936226262815e+01
-4.362858014197270506e+01
-4.368175330485140506e+01
-4.373495885089872814e+01
-4.378819678011467431e+01
-4.384146709249924356e+01
-4.389476978805243590e+01
-4.394810486677424421e+01
-4.400147232866468272e+01
-4.405487217372374431e+01
-4.410830440195142188e+01
-4.416176901334772964e+01
-4.421526600791266048e+01
-4.426879538564620020e+01
-4.432235714654837722e+01
-4.437595129061917021e+01
-4.442957781785859339e+01
-1.936878739174335351e+01
-1.939216552981425679e+01
-1.941555776808906231e+01
-1.943896410656777363e+01
-1.946238454525038364e+01
-1.948581908413689945e+01
-1.950926772322731750e+01
-1.953273046252163780e+01
-1.955620730201986035e+01
-1.957969824172198514e+01
-1.960320328162801573e+01
-1.962672242173794501e+01
-1.965025566205178009e+01
-1.967380300256951742e+01
-1.969736444329115699e+01
-1.972093998421670236e+01
-1.974452962534614642e+01
-6.357605296400141270e+01
-6.365201001652710033e+01
-6.372801241654683935e+01
-6.380406016406061553e+01
-6.388015325906843600e+01
-6.395629170157030785e+01
-6.403247549156623109e+01
-6.410870462905617728e+01
-6.418497911404018907e+01
-6.426129894651823804e+01
-6.433766412649033839e+01
-6.441407465395647591e+01
-6.449053052891666482e+01
-6.456703175137089090e+01
-6.464357832131916837e+01
-6.472017023876149722e+01
-6.479680750369786324e+01
2.101446295702383225e+02
2.103931743716224219e+02
2.106418660670971690e+02
2.108907046566625354e+02
2.111396901403185780e+02
2.113888225180652398e+02
2.116381017899025778e+02
2.118875279558305920e+02
2.121371010158492254e+02
2.123868209699585350e+02
2.126366878181584639e+02
2.128867015604490689e+02
2.131368621968303501e+02
2.133871697273022505e+02
2.136376241518648271e+02
2.138882254705180230e+02
2.141389736832618951e+02
1.192633971597865212e+02
1.194030498496691735e+02
1.195427842555786810e+02
1.196826003775150298e+02
1.198224982154782197e+02
1.199624777694682649e+02
1.201025390394851655e+02
1.202426820255289073e+02
1.203829067275994902e+02
1.205232131456969142e+02
1.206636012798212079e+02
1.208040711299723284e+02
1.209446226961503186e+02
1.210852559783551357e+02
1.212259709765868223e+02
1.213667676908453501e+02
1.215076461211307048e+02
1.717225997596410707e+02
1.719216984260290531e+02
1.721209124450626859e+02
1.723202418167419694e+02
1.725196865410669034e+02
1.727192466180374879e+02
1.729189220476537230e+02
1.731187128299155802e+02
1.733186189648231164e+02
1.735186404523762747e+02
1.737187772925751119e+02
1.739190294854195713e+02
1.741193970309096812e+02
1.743198799290454417e+02
1.745204781798268527e+02
1.747211917832539143e+02
1.749220207393266264e+02
2.377658224129964992e+02
2.380388026913122133e+02
2.383119395848191857e+02
2.385852330935173597e+02
2.388586832174067638e+02
2.391322899564874263e+02
2.394060533107593187e+02
2.396799732802224412e+02
2.399540498648767652e+02
2.402282830647223477e+02
2.405026728797591602e+02
2.407772193099871743e+02
2.410519223554064467e+02
2.413267820160169492e+02
2.416017982918186817e+02
2.418769711828116158e+02
2.421523006889958083e+02
1.043149671309491282e+02
1.044335742567375860e+02
1.045522487729384267e+02
1.046709906795516503e+02
1.047897999765772425e+02
1.049086766640152177e+02
1.050276207418655758e+02
1.051466322101283168e+02
1.052657110688034265e+02
1.053848573178909334e+02
1.055040709573908089e+02
1.056233519873030531e+02
1.057427004076276944e+02
1.058621162183647186e+02
1.059815994195141116e+02
1.061011500110758874e+02
1.062207679930500461e+02
1.945174653598394059e+02
1.947365165595689405e+02
1.949556910295290777e+02
1.951749887697197607e+02
1.953944097801410180e+02
1.956139540607928780e+02
1.958336216116752837e+02
1.960534124327882921e+02
1.962733265241318463e+02
1.964933638857060032e+02
1.967135245175107059e+02
1.969338084195459828e+02
1.971542155918118340e+02
1.973747460343082878e+02
1.975953997470352874e+02
1.978161767299928613e+02
1.980370769831810094e+02
1.494046601096326583e+02
1.495713133835976976e+02
1.497380595523642342e+02
1.499048986159323249e+02
1.500718305743019698e+02
1.502388554274731405e+02
1.504059731754458653e+02
1.505731838182201159e+02
1.507404873557959206e+02
1.509078837881732511e+02
1.510753731153521642e+02
1.512429553373325746e+02
1.514106304541145391e+02
1.515783984656980579e+02
1.517462593720830739e+02
1.519142131732696726e+02
1.520822598692578254e+02
1.277884073285834603e+02
1.279296099886150415e+02
1.280708906180889528e+02
1.282122492170051657e+02
1.283536857853636661e+02
1.284952003231645108e+02
1.286367928304076997e+02
1.287784633070931477e+02
1.289202117532209400e+02
1.290620381687910481e+02
1.292039425538034436e+02
1.293459249082581835e+02
1.294879852321552391e+02
1.296301235254945823e+02
1.297723397882762413e+02
1.299146340205002446e+02
1.300570062221665353e+02
1.430354704733919675e+02
1.431920500798215130e+02
1.433487153424909195e+02
1.435054662614001302e+02
1.436623028365492019e+02
1.438192250679381061e+02
1.439762329555668714e+02
1.441333264994354693e+02
1.442905056995438997e+02
1.444477705558921912e+02
1.446051210684803152e+02
1.447625572373082719e+02
1.449200790623760611e+02
1.450776865436837113e+02
1.452353796812311941e+02
1.453931584750185095e+02
1.455510229250456860e+02
1.142810530345576012e+02
1.144050021159399790e+02
1.145290183783962874e+02
1.146531018219265121e+02
1.147772524465306532e+02
1.149014702522087248e+02
1.150257552389607127e+02
1.151501074067866028e+02
1.152745267556864377e+02
1.153990132856601747e+02
1.155235669967078280e+02
1.156481878888294261e+02
1.157728759620249264e+02
1.158976312162943429e+02
1.160224536516376901e+02
1.161473432680549536e+02
1.162723000655461334e+02
8.400752519478383817e+01
8.409780732825485927e+01
8.418813794837113562e+01
8.427851705513268143e+01
8.436894464853946829e+01
8.445942072859152461e+01
8.454994529528883618e+01
8.464051834863140300e+01
8.473113988861922508e+01
8.482180991525231661e+01
8.491252842853066340e+01
8.500329542845426545e+01
8.509411091502312274e+01
8.518497488823724950e+01
8.527588734809663151e+01
8.536684829460126878e+01
8.545785772775116129e+01
7.272172185981791870e+01
7.279916778299131863e+01
7.287665492272839174e+01
7.295418327902916644e+01
7.303175285189362853e+01
7.310936364132177800e+01
7.318701564731362907e+01
7.326470886986916753e+01
7.334244330898839337e+01
7.342021896467130659e+01
7.349803583691790720e+01
7.357589392572820941e+01
7.365379323110218479e+01
7.373173375303986177e+01
7.380971549154122613e+01
7.388773844660627788e+01
7.396580261823501701e+01
1.399804731047788842e+01
1.401282097518551772e+01
1.402760243191039535e+01
1.404239168065252663e+01
1.405718872141190623e+01
1.407199355418853948e+01
1.408680617898242282e+01
1.410162659579355626e+01
1.411645480462193980e+01
1.413129080546757521e+01
1.414613459833046072e+01
1.416098618321059810e+01
1.417584556010798558e+01
1.419071272902262493e+01
1.420558768995451437e+01
1.422047044290365392e+01
1.423536098787004534e+01
3.617327525231680596e+01
3.621111340634642062e+01
3.624897133986063835e+01
3.628684905285944495e+01
3.632474654534285463e+01
3.636266381731085318e+01
3.640060086876344769e+01
3.643855769970063108e+01
3.647653431012241754e+01
3.651453070002879286e+01
3.655254686941976416e+01
3.659058281829533144e+01
3.662863854665548757e+01
3.666671405450024679e+01
3.670480934182960198e+01
3.674292440864354603e+01
3.678105925494208606e+01
3.403452393317772362e+01
3.406981115342984623e+01
3.410511665721578822e+01
3.414044044453553539e+01
3.417578251538909484e+01
3.421114286977645946e+01
3.424652150769762926e+01
3.428191842915261844e+01
3.431733363414141280e+01
3.435276712266401233e+01
3.438821889472042415e+01
3.442368895031064824e+01
3.445917728943468461e+01
3.449468391209251905e+01
3.453020881828417288e+01
3.456575200800963188e+01
3.460131348126890316e+01
4.837546708798898010e+01
4.842518493700026738e+01
4.847492832162995313e+01
4.852469724187803735e+01
4.857449169774450581e+01
4.862431168922937275e+01
4.867415721633263104e+01
4.872402827905428779e+01
4.877392487739433591e+01
4.882384701135276828e+01
4.887379468092959911e+01
4.892376788612482130e+01
4.897376662693844906e+01
4.902379090337045398e+01
4.907384071542085735e+01
4.912391606308965208e+01
4.917401694637684528e+01
7.047869518355054197e+01
7.055050231058420707e+01
7.062234599929152523e+01
7.069422624967248225e+01
7.076614306172709234e+01
7.083809643545532708e+01
7.091008637085721489e+01
7.098211286793274155e+01
7.105417592668190707e+01
7.112627554710472566e+01
7.119841172920118311e+01
7.127058447297127941e+01
7.134279377841501457e+01
7.141503964553240280e+01
7.148732207432341568e+01
7.155964106478809583e+01
7.163199661692640063e+01
9.178075938142258394e+01
9.187346721918159176e+01
9.196622185544528350e+01
9.205902329021364494e+01
9.215187152348667610e+01
9.224476655526437696e+01
9.233770838554676175e+01
9.243069701433381624e+01
9.252373244162555466e+01
9.261681466742196278e+01
9.270994369172302640e+01
9.280311951452877395e+01
9.289634213583921962e+01
9.298961155565430658e+01
9.308292777397407747e+01
9.317629079079853227e+01
9.326970060612765678e+01
8.820572129069680045e+01
8.829405951933044605e+01
8.838244196129173247e+01
8.847086861658067392e+01
8.855933948519724197e+01
8.864785456714147927e+01
8.873641386241334317e+01
8.882501737101286210e+01
8.891366509294002185e+01
8.900235702819482242e+01
8.909109317677726381e+01
8.917987353868736022e+01
8.926869811392509746e+01
8.935756690249048972e+01
8.944647990438350860e+01
8.953543711960416829e+01
8.962443854815249722e+01
9.210440624389255504e+01
9.219587040103643005e+01
9.228737994982158455e+01
9.237893489024799010e+01
9.247053522231566092e+01
9.256218094602459701e+01
9.265387206137479836e+01
9.274560856836625078e+01
9.283739046699898267e+01
9.292921775727296563e+01
9.302109043918821385e+01
9.311300851274472734e+01
9.320497197794249189e+01
9.329698083478152171e+01
9.338903508326183101e+01
9.348113472338339136e+01
9.357327975514621698e+01
9.366547017855029367e+01
9.375770599359564983e+01
9.384998720028224284e+01
9.394231379861011533e+01
9.403468578857926730e+01
9.412710317018965611e+01
9.421956594344132441e+01
9.431207410833424376e+01
9.440462766486842838e+01
9.449722661304386406e+01
9.458987095286057922e+01
9.468256068431855965e+01
9.477529580741779114e+01
9.486807632215828789e+01
9.496090222854003571e+01
9.505377352656307721e+01
7.857135459108953057e+01
7.864812191360159943e+01
7.872492672015783910e+01
7.880176901075829221e+01
7.887864878540293034e+01
7.895556604409176771e+01
7.903252078682480430e+01
7.910951301360202592e+01
7.918654272442346098e+01
7.926360991928908106e+01
7.934071459819888616e+01
7.941785676115290471e+01
7.949503640815110828e+01
7.957225353919349686e+01
7.964950815428009889e+01
7.972680025341090015e+01
7.980412983658588644e+01
7.988149690380505774e+01
7.995890145506844249e+01
8.003634349037601226e+01
8.011382300972778125e+01
8.019134001312373528e+01
8.026889450056390274e+01
8.034648647204825522e+01
8.042411592757680694e+01
8.050178286714954368e+01
8.057948729076649386e+01
8.065722919842761485e+01
8.073500859013294928e+01
8.081282546588248294e+01
8.089067982567620163e+01
8.096857166951411955e+01
8.104650099739622249e+01
6.881082199534736787e+01
6.887698624726596108e+01
6.894318229363527450e+01
6.900941013445529393e+01
6.907566976972601935e+01
6.914196119944743657e+01
6.920828442361957400e+01
6.927463944224240322e+01
6.934102625531595265e+01
6.940744486284019388e+01
6.947389526481515531e+01
6.954037746124080854e+01
6.960689145211718198e+01
6.967343723744426143e+01
6.974001481722203266e+01
6.980662419145050990e+01
6.987326536012970735e+01
6.993993832325959659e+01
7.000664308084020604e+01
7.007337963287150728e+01
7.014014797935351453e+01
7.020694812028622778e+01
7.027378005566966124e+01
7.034064378550378649e+01
7.040753930978863195e+01
7.047446662852415500e+01
7.054142574171041247e+01
7.060841664934736173e+01
7.067543935143501699e+01
7.074249384797337825e+01
7.080958013896244552e+01
7.087669822440221878e+01
7.094384810429269805e+01
7.930954643425371842e+01
7.938461462775514121e+01
7.945971833128186290e+01
7.953485754483391190e+01
7.961003226841125979e+01
7.968524250201392078e+01
7.976048824564188067e+01
7.983576949929515365e+01
7.991108626297373974e+01
7.998643853667762471e+01
8.006182632040680858e+01
8.013724961416131976e+01
8.021270841794112982e+01
8.028820273174625299e+01
8.036373255557668926e+01
8.043929788943242443e+01
8.051489873331347269e+01
8.059053508721981984e+01
8.066620695115148010e+01
8.074191432510845345e+01
8.081765720909072570e+01
8.089343560309832526e+01
8.096924950713120950e+01
8.104509892118940684e+01
8.112098384527291728e+01
8.119690427938174082e+01
8.127286022351587746e+01
8.134885167767529879e+01
8.142487864186004742e+01
8.150094111607009495e+01
8.157703910030545558e+01
8.165317259456612931e+01
8.172934159885210192e+01
3.192503753888960816e+01
3.195479060276555572e+01
3.198455752461256552e+01
3.201433830443064465e+01
3.204413294221978248e+01
3.207394143797998254e+01
3.210376379171125194e+01
3.213360000341359068e+01
3.216345007308698456e+01
3.219331400073144778e+01
3.222319178634697323e+01
3.225308342993356803e+01
3.228298893149122506e+01
3.231290829101995143e+01
3.234284150851974005e+01
3.237278858399058379e+01
3.240274951743250398e+01
3.243272430884548641e+01
3.246271295822953107e+01
3.249271546558463797e+01
3.252273183091081421e+01
3.255276205420805979e+01
3.258280613547636051e+01
3.261286407471573057e+01
3.264293587192616286e+01
3.267302152710766450e+01
3.270312104026022837e+01
3.273323441138385448e+01
3.276336164047854993e+01
3.279350272754430762e+01
3.282365767258112754e+01
3.285382647558901681e+01
3.288400913656796831e+01
-5.164172134594580399e+01
-5.168912081482689302e+01
-5.173654202658361356e+01
-5.178398498121597271e+01
-5.183144967872395625e+01
-5.187893611910757841e+01
-5.192644430236683917e+01
-5.197397422850173143e+01
-5.202152589751225520e+01
-5.206909930939841047e+01
-5.211669446416020435e+01
-5.216431136179762262e+01
-5.221195000231068661e+01
-5.225961038569936790e+01
-5.230729251196369489e+01
-5.235499638110365339e+01
-5.240272199311925050e+01
-5.245046934801047200e+01
-5.249823844577733212e+01
-5.254602928641981663e+01
-5.259384186993794685e+01
-5.264167619633170858e+01
-5.268953226560109471e+01
-5.273741007774612655e+01
-5.278530963276678278e+01
-5.283323093066307052e+01
-5.288117397143500398e+01
-5.292913875508256183e+01
-5.297712528160575829e+01
-5.302513355100458625e+01
-5.307316356327904572e+01
-5.312121531842913669e+01
-5.316928881645486626e+01
-8.120230871986332488e+01
-8.127572852883245957e+01
-8.134918151439850931e+01
-8.142266767656145987e+01
-8.149618701532133969e+01
-8.156973953067812033e+01
-8.164332522263183023e+01
-8.171694409118244096e+01
-8.179059613632996673e+01
-8.186428135807442175e+01
-8.193799975641576339e+01
-8.201175133135403428e+01
-8.208553608288922021e+01
-8.215935401102130697e+01
-8.223320511575032299e+01
-8.230708939707623983e+01
-8.238100685499908593e+01
-8.245495748951881865e+01
-8.252894130063548062e+01
-8.260295828834905763e+01
-8.267700845265954968e+01
-8.275109179356695677e+01
-8.282520831107126469e+01
-8.289935800517248765e+01
-8.297354087587062565e+01
-8.304775692316569291e+01
-8.312200614705764679e+01
-8.319628854754652991e+01
-8.327060412463232808e+01
-8.334495287831504129e+01
-8.341933480859465533e+01
-8.349374991547118441e+01
-8.356819819894464274e+01
-5.854477768845439556e+01
-5.859693339240848076e+01
-5.864911231795826296e+01
-5.870131446510374928e+01
-5.875353983384494683e+01
-5.880578842418184848e+01
-5.885806023611445426e+01
-5.891035526964276414e+01
-5.896267352476678525e+01
-5.901501500148650337e+01
-5.906737969980192560e+01
-5.911976761971305905e+01
-5.917217876121990372e+01
-5.922461312432244540e+01
-5.927707070902069120e+01
-5.932955151531464111e+01
-5.938205554320430224e+01
-5.943458279268966749e+01
-5.948713326377074395e+01
-5.953970695644751032e+01
-5.959230387071999502e+01
-5.964492400658818383e+01
-5.969756736405206965e+01
-5.975023394311166669e+01
-5.980292374376696785e+01
-5.985563676601797312e+01
-5.990837300986468250e+01
-5.996113247530710311e+01
-6.001391516234522783e+01
-6.006672107097905666e+01
-6.011955020120858251e+01
-6.017240255303382668e+01
-6.022527812645476786e+01
-3.336678929784238079e+01
-3.339608410846383890e+01
-3.342539177332427158e+01
-3.345471229242367883e+01
-3.348404566576206065e+01
-3.351339189333941704e+01
-3.354275097515574799e+01
-3.357212291121104641e+01
-3.360150770150532651e+01
-3.363090534603857407e+01
-3.366031584481079619e+01
-3.368973919782199999e+01
-3.371917540507217126e+01
-3.374862446656131709e+01
-3.377808638228943749e+01
-3.380756115225652536e+01
-3.383704877646259490e+01
-3.386654925490763901e+01
-3.389606258759165058e+01
-3.392558877451464383e+01
-3.395512781567660454e+01
-3.398467971107754693e+01
-3.401424446071745678e+01
-3.404382206459634119e+01
-3.407341252271420018e+01
-3.410301583507103373e+01
-3.413263200166683475e+01
-3.416226102250161745e+01
-3.419190289757536760e+01
-3.422155762688809943e+01
-3.425122521043979873e+01
-3.428090564823047970e+01
-3.431059894026012813e+01
-2.749442360076405123e+01
-2.751821799591832729e+01
-2.754202268276600662e+01
-2.756583766130709279e+01
-2.758966293154158222e+01
-2.761349849346948204e+01
-2.763734434709078869e+01
-2.766120049240549505e+01
-2.768506692941361180e+01
-2.770894365811512827e+01
-2.773283067851005512e+01
-2.775672799059839235e+01
-2.778063559438012931e+01
-2.780455348985527309e+01
-2.782848167702382369e+01
-2.785242015588577758e+01
-2.787636892644114184e+01
-2.790032798868990582e+01
-2.792429734263208374e+01
-2.794827698826766138e+01
-2.797226692559664585e+01
-2.799626715461903714e+01
-2.802027767533483171e+01
-2.804429848774403666e+01
-2.806832959184664489e+01
-2.809237098764265994e+01
-2.811642267513208182e+01
-2.814048465431490698e+01
-2.816455692519113896e+01
-2.818863948776077422e+01
-2.821273234202381985e+01
-2.823683548798026877e+01
-2.826094892563012451e+01
-5.013295404807430344e+01
-5.017572960613579625e+01
-5.021852340537343906e+01
-5.026133544578722478e+01
-5.030416572737716052e+01
-5.034701425014324627e+01
-5.038988101408546783e+01
-5.043276601920383939e+01
-5.047566926549835387e+01
-5.051859075296901125e+01
-5.056153048161582575e+01
-5.060448845143877605e+01
-5.064746466243786926e+01
-5.069045911461311960e+01
-5.073347180796450573e+01
-5.077650274249204188e+01
-5.081955191819572804e+01
-5.086261933507555000e+01
-5.090570499313152197e+01
-5.094880889236364396e+01
-5.099193103277190176e+01
-5.103507141435631667e+01
-5.107823003711686738e+01
-5.112140690105357521e+01
-5.116460200616641885e+01
-5.120781535245541249e+01
-5.125104693992054194e+01
-5.129429676856182851e+01
-5.133756483837925799e+01
-5.138085114937283038e+01
-5.142415570154255278e+01
-5.146747849488841808e+01
-5.151081952941043340e+01
-7.375022207078770009e+01
-7.381227526563058916e+01
-7.387435455517275784e+01
-7.393645993941419192e+01
-7.399859141835486298e+01
-7.406074899199481365e+01
-7.412293266033401551e+01
-7.418514242337248277e+01
-7.424737828111021543e+01
-7.430964023354721348e+01
-7.437192828068346273e+01
-7.443424242251896317e+01
-7.449658265905374321e+01
-7.455894899028777445e+01
-7.462134141622107109e+01
-7.468375993685363312e+01
-7.474620455218544635e+01
-7.480867526221652497e+01
-7.487117206694685478e+01
-7.493369496637646421e+01
-7.499624396050532482e+01
-7.505881904933345083e+01
-7.512142023286084225e+01
-7.518404751108747064e+01
-7.524670088401337864e+01
-7.530938035163855204e+01
-7.537208591396297663e+01
-7.543481757098666662e+01
-7.549757532270962201e+01
-7.556035916913182859e+01
-7.562316911025330057e+01
-7.568600514607403795e+01
-7.574886727659402652e+01
-5.489712635784585615e+01
-5.494268413905569304e+01
-5.498826081606859617e+01
-5.503385638888457265e+01
-5.507947085750362248e+01
-5.512510422192574566e+01
-5.517075648215094930e+01
-5.521642763817921207e+01
-5.526211769001055529e+01
-5.530782663764497897e+01
-5.535355448108246890e+01
-5.539930122032303217e+01
-5.544506685536666879e+01
-5.549085138621337876e+01
-5.553665481286316918e+01
-5.558247713531602585e+01
-5.562831835357194876e+01
-5.567417846763095213e+01
-5.572005747749303595e+01
-5.576595538315818601e+01
-5.581187218462640942e+01
-5.585780788189770618e+01
-5.590376247497207629e+01
-5.594973596384951975e+01
-5.599572834853003656e+01
-5.604173962901363382e+01
-5.608776980530029732e+01
-5.613381887739003417e+01
-5.617988684528284438e+01
-5.622597370897872793e+01
-5.627207946847768483e+01
-5.631820412377971508e+01
-5.636434767488481867e+01
-2.941317231794772979e+01
-2.943725186957928486e+01
-2.946134127372787859e+01
-2.948544053039350388e+01
-2.950954963957616428e+01
-2.953366860127585625e+01
-2.955779741549258688e+01
-2.958193608222634907e+01
-2.960608460147714638e+01
-2.963024297324497880e+01
-2.965441119752984633e+01
-2.967858927433174543e+01
-2.970277720365067609e+01
-2.972697498548664541e+01
-2.975118261983964985e+01
-2.977540010670968584e+01
-2.979962744609675340e+01
-2.982386463800085963e+01
-2.984811168242200097e+01
-2.987236857936017032e+01
-2.989663532881537833e+01
-2.992091193078762146e+01
-2.994519838527689615e+01
-2.996949469228320595e+01
-2.999380085180654731e+01
-3.001811686384692734e+01
-3.004244272840433894e+01
-3.006677844547878564e+01
-3.009112401507026746e+01
-3.011547943717878084e+01
-3.013984471180433289e+01
-3.016421983894691294e+01
-3.018860481860653167e+01
-1.720686354541333074e+01
-1.722076246588619952e+01
-1.723466699755021736e+01
-1.724857714040538426e+01
-1.726249289445169666e+01
-1.727641425968915811e+01
-1.729034123611776508e+01
-1.730427382373752110e+01
-1.731821202254842618e+01
-1.733215583255047676e+01
-1.734610525374367995e+01
-1.736006028612802865e+01
-1.737402092970351930e+01
-1.738798718447016256e+01
-1.740195905042795488e+01
-1.741593652757689270e+01
-1.742991961591697603e+01
-1.744390831544821197e+01
-1.745790262617059341e+01
-1.747190254808412391e+01
-1.748590808118879991e+01
-1.749991922548462142e+01
-1.751393598097159554e+01
-1.752795834764971517e+01
-1.754198632551898385e+01
-1.755601991457939803e+01
-1.757005911483096128e+01
-1.758410392627367003e+01
-1.759815434890752783e+01
-1.761221038273253470e+01
-1.762627202774868707e+01
-1.764033928395598849e+01
-1.765441215135443898e+01
