-1.903069209648764956e-02
-3.832714657058840929e-02
-5.796177658749798733e-02
-9.772430589436022219e-02
-1.345649778299524979e-01
-1.935333469783100946e-01
-2.535695759414876571e-01
-3.239220128357268025e-01
-4.048249193875857466e-01
-4.949636125702841505e-01
-5.620468063731544062e-01
-6.634983660129393224e-01
-7.744591817741203199e-01
-8.842573325408457086e-01
-1.812198616448166710e+00
-2.196473628373632803e+00
-2.555138651475604927e+00
-2.930909645861700774e+00
-3.389609295688754464e+00
-3.774428074755444396e+00
-4.176698061999347900e+00
-4.514455365050792146e+00
-4.948180742956902911e+00
-5.506519103848034113e+00
-6.085577898791175500e+00
-6.678974762728146608e+00
-7.359523296920432500e+00
-8.122089553850164734e+00
-9.342786788097962258e+00
-1.020441497206549464e+01
-1.163232003459022224e+01
-1.276515424404842136e+01
-1.472645807804957485e+01
-1.626159618974605792e+01
-1.802697922261732799e+01
-2.086584517133342231e+01
-2.274207864320751327e+01
-2.647342270078450710e+01
-3.054481846390380895e+01
-3.553720103342441661e+01
-3.925336085094713212e+01
-4.339931870315179907e+01
-4.783195491240769570e+01
-4.915339817085595087e+01
-5.089736836247691087e+01
-4.934580291947425934e+01
-4.949708071845599733e+01
-4.868573343676018794e+01
-4.749154016528194688e+01
-4.809241970595760307e+01
-4.405635169422465935e+01
-4.464946647826402426e+01
-4.546018912487280517e+01
-5.140700749006105497e+01
-5.414616121626853840e+01
-5.844875633646964275e+01
-6.017882087891247522e+01
-7.182367841216780846e+01
-7.517687498316688277e+01
-7.267783827059635371e+01
-6.572231913626104927e+01
-6.916883849795503636e+01
-7.633337556682083402e+01
-7.641905783218932413e+01
-7.559549639841907265e+01
-7.555383857782548773e+01
-7.408987249324853508e+01
-7.814793645984694592e+01
-7.832900730962303726e+01
-7.824323188843429477e+01
-6.592846455719916321e+01
-4.723823674254182237e+01
-5.074846395752825146e+01
-4.681234911077534377e+01
-1.811167913311572519e+01
1.981068427339406668e+01
3.208089929318671807e+01
2.627242439180797007e+01
2.745470601921008225e+01
4.768229178757984243e+01
6.301745089318927739e+01
7.101056354582946994e+01
4.396862674580245312e+01
3.288880141237032007e+01
2.004780904351348525e+01
1.750479843676582448e+01
1.748132775912445425e+01
-1.173875624577009091e+01
-4.373449387824781098e+01
-5.955543401615818055e+01
-4.676289704433165184e+01
-4.137172479338717324e+01
-7.987109221492042366e+01
-1.099191383355748712e+02
-1.066600707447747567e+02
-8.786782092085090312e+01
-9.425318218430446393e+01
-1.207390823404421809e+02
-1.274381405254210193e+02
-1.418436274741703471e+02
-1.112904832912989974e+02
-9.028151638883616670e+01
-9.630974436902864966e+01
-1.227177950333306171e+02
-1.340855908978456057e+02
-3.420902427507719779e+01
8.895266962846395131e+01
7.483886764434086558e+01
1.573775758215491827e+01
1.016405163733789436e+02
3.310107609751722748e+02
4.484168115981206029e+02
3.232916037076785756e+02
2.336079866387786410e+02
3.057424348215842542e+02
4.158621064267727547e+02
3.783817862641499801e+02
2.424816912207625137e+02
8.080851094463578477e+01
-1.651695836035932174e+01
-2.801843565800899327e+01
3.983204564055524344e+01
-1.045630951151988199e+02
-3.011302361521745183e+02
-4.194169782124701555e+02
-2.791495893180701273e+02
-2.586842990499676489e+02
-4.076764329573666146e+02
-5.949877797912333790e+02
-5.116554054114213272e+02
-3.280202333188966577e+02
-3.209234631003832305e+02
-3.873932385638673281e+02
-3.797743168786296906e+02
-2.959113502036290697e+02
-1.376908106185316001e+02
7.993991437006824352e-01
6.620149088869948173e+01
9.728363731284170512e+01
1.980767059242589028e+02
5.481276563781174218e+02
9.350274317629493908e+02
1.095105735936015890e+03
9.804503289401186521e+02
1.144475805348386530e+03
1.550056772101616616e+03
1.755799268171392669e+03
1.566148457189912051e+03
1.293229232649056257e+03
1.280004077748484633e+03
1.285944163531945833e+03
1.234293144726988203e+03
9.681220435415123120e+02
6.182106330279484609e+02
3.799410504298670048e+02
2.125186448154219363e+02
2.341545103864466739e+02
5.383618064555160032e+01
-3.579956389117529625e+02
-5.891798914989427658e+02
-5.371207182955631652e+02
-3.891063453052478280e+02
-6.819791257776503244e+02
-9.028130340744340856e+02
-1.001706505691570442e+03
-8.175515997452794181e+02
-7.393336361435503932e+02
-7.540008647598654079e+02
-7.517589237062871916e+02
-6.700910716587727620e+02
-1.977908662678949838e+02
9.239464367429409322e+02
2.087107981783704872e+03
3.870943519577851475e+03
4.372096473252895521e+03
4.778506852816948594e+03
4.655394869122421369e+03
3.599715358686359195e+03
2.520771952314000373e+03
9.129210442397477436e+02
-1.140272442666130701e+03
-2.025755813494228960e+03
-3.469857190944986087e+03
-4.076343674031638784e+03
-4.292715019795996341e+03
-4.270677717016412316e+03
-3.629643023932748747e+03
-2.981343353533052777e+03
-2.126832624230152305e+03
-7.967850543820327402e+02
3.781360421107044658e+02
1.376500200042677761e+03
2.017261295959036261e+03
2.615232986071302093e+03
2.188926381943972956e+03
1.508672121250066766e+03
7.778121832814879326e+02
1.957860082762627485e+02
-1.038681517600671441e+03
-1.103963602801640945e+03
-3.890695829328185027e+03
-4.203261282409737760e+03
-3.009636106189579550e+03
-1.455062700909389832e+03
3.530118927400461644e+02
6.714107967496922811e+02
1.186443410190482155e+03
8.267665418997430606e+02
3.447563010006007289e+02
-1.373625596365232866e+02
-6.553510874387599188e+02
-5.870972733742270293e+02
-5.078731885476726120e+02
-2.735595749860116257e+02
-2.715929984495796816e+02
