7.335116992473313200e-04
-2.505260871117169323e-03
8.944474443608482848e-04
4.109275382496031283e-03
1.596917158327266356e-02
2.090074634286919267e-02
2.966863778116008918e-02
4.566556218495864544e-02
5.335114161650219428e-02
7.325441603964846782e-02
1.022967142554417480e-01
1.202794174286407614e-01
1.332768530395611051e-01
1.761766794524488033e-01
1.746774660560147518e-01
1.880738020328898696e-01
4.079678572950904414e-01
4.935333752661400508e-01
5.813797248484563474e-01
6.692062184446125883e-01
7.942492694298021183e-01
9.126552069752569274e-01
1.007974895802215221e+00
1.121032930932706506e+00
1.233098511417863197e+00
1.370699462126214963e+00
1.520215106482982304e+00
1.686650786560937920e+00
1.864543219682761821e+00
2.142438623508755136e+00
2.603015224671056949e+00
2.707176723764920467e+00
3.294436649886085089e+00
3.639438726896802923e+00
3.926051492752743233e+00
4.664734127809175845e+00
5.282614211724063757e+00
6.385134456514420798e+00
7.494515027888104974e+00
8.635832186065901084e+00
9.732240829392329928e+00
1.056675839137623818e+01
9.162518321416468936e+00
8.266532539576918026e+00
3.121892270750083576e+00
-2.889768611437656620e+00
-1.265538676675124030e+01
-2.539326762465691445e+01
-4.113141753142507184e+01
-5.942588336227949952e+01
-7.816622442300554496e+01
-8.486660728648125485e+01
-8.375821612529648519e+01
-8.522939575413644775e+01
-1.042626183293276227e+02
-1.331503879715567962e+02
-1.178688368462024840e+02
-8.484590718714896695e+01
-7.760857427772631922e+01
-1.177626757828318063e+02
-1.340367241700294016e+02
-1.052713302431135389e+02
-7.606398843034628499e+01
-8.943392627262166172e+01
-1.267964067382835651e+02
-1.302829786475729748e+02
-1.126659115578113557e+02
-8.994675247091116432e+01
-9.442584800266904210e+01
-1.279691414596453143e+02
-1.739221315707210351e+02
-1.843639970699270521e+02
-1.128298355996308970e+02
-7.966950690312447136e+01
-1.802948201351766784e+02
-2.952588883327306917e+02
-2.549248047807128330e+02
-6.296333555251270298e+01
-6.740329940157948840e+01
-2.390588742886043576e+02
-3.394375921315404412e+02
-1.972116520059814775e+02
-5.512827896112373338e+01
-5.605241133418243749e+01
-1.437369271650973701e+02
-2.291318856112515334e+02
-2.049761554299084878e+02
-6.876534705829224947e+01
4.398815534990546183e+01
-2.137990701583725439e+01
-2.218549183740826720e+02
-1.795061556655462596e+02
2.410293235839976944e+01
1.208926574266225344e+02
-6.653720217980639973e+01
-2.285550584799681246e+02
-1.145425937499824727e+02
7.860724204234944068e+01
9.801815479465605563e+01
-6.661263584418364303e+01
-1.624895961197508427e+02
-1.194157138466383401e+02
3.970461409888793725e+01
1.628243206554180915e+02
4.589268204712708865e+01
-3.039415046562379530e+02
-4.928791766993024339e+02
-2.376072775315044439e+01
4.467312539232736412e+02
-1.149535201481164108e+02
-1.165745235042551030e+03
-1.158736979789350244e+03
9.954397507546572399e+01
3.272695155456427187e+02
-9.663930190366205579e+02
-2.000001599926372819e+03
-1.382176334480532887e+03
-3.122113388116069927e+02
-2.088577517837973687e+02
-7.793248378880189193e+02
-1.531959417617143117e+03
-1.648384713168583630e+03
-7.299311977243219189e+02
1.997071709675639681e+02
-2.664694547800813780e+02
-1.688635625416919083e+03
-1.831453191884716489e+03
-4.140740223996450027e+02
4.311825222189577858e+02
-6.181573975023458161e+02
-1.811011735818976149e+03
-1.337171487217289950e+03
-6.031039580392134525e+01
1.158240529353890906e+02
-7.264835301669814953e+02
-1.311141487795056037e+03
-1.113823778045012205e+03
-4.567630748784575303e+02
2.002405994295169478e+02
-1.402477359425461145e+01
-1.381454154145440725e+03
-2.118264709312977175e+03
-6.936024932256768807e+02
1.061599232612895548e+03
-8.338941880539434237e+01
-3.009432984524817130e+03
-3.072917590466811816e+03
-5.228084916118110641e+02
8.493827853085750803e+02
-1.200031721892058840e+03
-2.958853796979055460e+03
-2.160421269993147234e+03
-3.087168927692181342e+02
6.346221140016452864e+02
2.592159775645359332e+02
-7.774832104921674727e+02
-1.316286891876472282e+03
-4.028015421296721144e+01
1.911352222070288235e+03
1.565354461721927009e+03
-2.913952408271755417e+02
-1.046073380628797850e+03
8.233950626420621575e+02
2.361020133719717251e+03
1.292623805914702189e+03
-4.410999389472301004e+02
-3.609910405401184335e+02
1.353980871364563427e+03
1.999191751827969711e+03
1.331250085221609424e+03
4.832508573563163736e+02
4.465594388553274143e+02
3.524907711756904519e+03
3.976365360663427509e+03
-7.984384042469696574e+00
5.286565756322078414e+03
-8.689068432457443123e+02
-1.795956510702600042e+02
4.014021922134008946e+02
-4.144241695200704271e+03
-7.481792767475379833e+02
-3.326845859625644266e+02
-1.091407575774299858e+03
3.606071657777397377e+03
2.046283043853945856e+03
2.946248264379610191e+03
4.079117443724921031e+03
1.789491950160103670e+03
3.336679547208479562e+03
2.562680370566725742e+03
2.191771503017526811e+03
2.453090227480055091e+03
1.959800512262968141e+03
1.440540336381442103e+03
1.246886669762758174e+03
2.399830194012487254e+02
6.200411576570502348e+02
5.832895617030258109e+02
8.290149982407526750e+02
1.207752031646853311e+03
1.572734357735128015e+03
1.511392685529901200e+03
3.087758859601840413e+03
2.633472308550202797e+03
2.305849487134105402e+03
2.657079340362323364e+03
1.069359111423778813e+03
-1.729280414004529803e+03
-2.718626064959812993e+03
-1.959687342774413537e+03
-1.116713427931116485e+03
-9.200004820685591085e+02
-1.677120584356844802e+03
-2.466680485278465312e+03
-1.835777669467011492e+03
-9.834098797812320072e+02
-5.752034623880010713e+02
