0.000000000000000000e+00
0.000000000000000000e+00
0.000000000000000000e+00
0.000000000000000000e+00
0.000000000000000000e+00
0.000000000000000000e+00
0.000000000000000000e+00
0.000000000000000000e+00
0.000000000000000000e+00
0.000000000000000000e+00
0.000000000000000000e+00
0.000000000000000000e+00
0.000000000000000000e+00
0.000000000000000000e+00
0.000000000000000000e+00
0.000000000000000000e+00
0.000000000000000000e+00
0.000000000000000000e+00
0.000000000000000000e+00
0.000000000000000000e+00
0.000000000000000000e+00
0.000000000000000000e+00
0.000000000000000000e+00
0.000000000000000000e+00
0.000000000000000000e+00
0.000000000000000000e+00
0.000000000000000000e+00
0.000000000000000000e+00
-3.345660425280437902e-03
-3.568704453632466460e-03
-3.798943450641012725e-03
-4.036377416306076264e-03
-4.281006350627656644e-03
-6.859688164622357483e-03
-7.251670345457920941e-03
-7.654540920205582348e-03
-8.068299888865343439e-03
-8.492947251437205081e-03
-1.051518955790892683e-02
-1.104094903580437464e-02
-1.157953191559970771e-02
-1.213093819729493122e-02
-1.269516788089004693e-02
-1.791756538541414145e-02
-1.871390162476588293e-02
-1.952754952149483164e-02
-2.035850907560099454e-02
-2.120678028708437163e-02
-2.488329901859165014e-02
-2.587863097933531392e-02
-2.689347925303474385e-02
-2.792784383968992604e-02
-2.898172473930086396e-02
-3.603885784118470575e-02
-3.734936176268233848e-02
-3.868326753992099021e-02
-4.004057517290067481e-02
-4.142128466162138534e-02
-4.749563193172184200e-02
-4.907881966277923697e-02
-5.068796129106708376e-02
-5.232305681658537544e-02
-5.398410623933411895e-02
-6.097522751493057724e-02
-6.285138836154383069e-02
-6.475597588765122370e-02
-6.668899009325275629e-02
-6.865043097834841457e-02
-7.653023390476612620e-02
-7.871681201633086433e-02
-8.093418700270636756e-02
-8.318235886389266365e-02
-8.546132759988972483e-02
-9.391786257159186191e-02
-9.642233890683431230e-02
-9.895976887806680333e-02
-1.015301524852893073e-01
-1.041334897285018657e-01
-1.069936341156886156e-01
-1.096684749685808286e-01
-1.123763385480519572e-01
-1.151172248541020154e-01
-1.178911338867309755e-01
-1.266694451698768820e-01
-1.296499027032857743e-01
-1.326650167196412322e-01
-1.357147872189433391e-01
-1.387992142011920671e-01
-1.482313787971499264e-01
-1.515254094370865889e-01
-1.548556382159236577e-01
-1.582220651336611328e-01
-1.616246901902989863e-01
-1.696345576939947974e-01
-1.732058115401841625e-01
-1.768142659472713429e-01
-1.804599209152563111e-01
-1.841427764441390946e-01
-1.861216801517844577e-01
-1.898441137548201596e-01
-1.936034031361036911e-01
-1.973995482956351633e-01
-2.012325492334144927e-01
-2.051024059494417073e-01
-2.090091184437167793e-01
-2.129526867162397086e-01
-2.169331107670105507e-01
-2.270359730702241063e-01
-2.312017707412374057e-01
-2.354054393001689949e-01
-2.396469787470188739e-01
-2.439263890817870706e-01
-2.482436703044735848e-01
-2.525988224150783612e-01
-2.569918454136014829e-01
-2.614227393000428945e-01
-2.655480330981278558e-01
-2.700488472184350841e-01
-2.745874833061399123e-01
-2.791639413612422294e-01
-2.837782213837420908e-01
-2.884303233736394967e-01
-2.931202473309344469e-01
-2.978479932556269416e-01
-3.026135611477169807e-01
-3.060278711469593405e-01
-3.108472077004548195e-01
-3.157041953207743723e-01
-3.205988340079181653e-01
-3.255311237618861431e-01
-3.305010645826783056e-01
-3.355086564702946528e-01
-3.405538994247351292e-01
-3.456367934459998459e-01
-3.553634953706553690e-01
-3.605894291261061979e-01
-3.658535083834215662e-01
-3.711557331426016404e-01
-3.764961034036462539e-01
-3.818746191665555179e-01
-3.872912804313293211e-01
-3.927460871979677748e-01
-3.982390394664708233e-01
-3.971206318899296872e-01
-4.025981578470321787e-01
-4.081132011052107100e-01
-4.136657616644652813e-01
-4.192558395247958924e-01
-4.248834346862025435e-01
-4.305485471486852345e-01
-4.362511769122440208e-01
-4.419913239768787916e-01
-4.408324390024868644e-01
-4.465575356129087847e-01
-4.523195683304947479e-01
-4.581185371552446983e-01
-4.639544420871586361e-01
-4.698272831262365612e-01
-4.757370602724785846e-01
-4.816837735258845399e-01
-4.876674228864544824e-01
-4.778211495642204487e-01
-4.836839857551925026e-01
-4.895825709473289322e-01
-4.955169051406299596e-01
-5.014869883350954183e-01
-5.074928205307253082e-01
-5.135344017275195183e-01
-5.196117319254783817e-01
-5.257248111246016764e-01
-5.250476635265579617e-01
-5.311528689164016770e-01
-5.372933645108108891e-01
-5.434691503097858201e-01
-5.496802263133261368e-01
-5.559265925214321724e-01
-5.622082489341037048e-01
-5.685251955513408451e-01
-5.748774323731435931e-01
-5.856198622081095762e-01
-5.920907999120665899e-01
-5.985972922187925427e-01
-6.051393391282875456e-01
-6.117169406405515986e-01
-6.183300967555845906e-01
-6.249788074733865217e-01
-6.316630727939575030e-01
-6.383828927172975343e-01
-6.485349952930189454e-01
-6.553616794539981472e-01
-6.622241054168672703e-01
-6.691222731816262037e-01
-6.760561827482752806e-01
-6.830258341168141678e-01
-6.900312272872430874e-01
-6.970723622595618174e-01
-7.041492390337705798e-01
-7.131062632966892467e-01
-7.202731604152489142e-01
-7.274758920194013267e-01
-7.347144581091467064e-01
-7.419888586844847200e-01
-7.492990937454155898e-01
-7.566451632919393155e-01
-7.640270673240557864e-01
-7.714448058417650023e-01
-7.871132419198871855e-01
-7.946816384768091712e-01
-8.022862474574485869e-01
-8.099270688618052105e-01
-8.176041026898792641e-01
-8.253173489416704145e-01
-8.330668076171792169e-01
-8.408524787164051162e-01
-8.486743622393483344e-01
-8.700360230661700056e-01
-8.780547882557200312e-01
-8.861103367718276003e-01
-8.942026686144927128e-01
-9.023317837837152577e-01
-9.104976822794955682e-01
-9.187003641018333111e-01
-9.269398292507287085e-01
-9.352160777261815383e-01
-1.002245044859171763e+00
-1.011114470034916613e+00
-1.020022967568263716e+00
-1.028970537459213519e+00
-1.037957179707765576e+00
-1.046982894313920109e+00
-1.056047681277676897e+00
-1.065151540599036162e+00
-1.074294472277997903e+00
-1.096139559075638870e+00
-1.105468406386920899e+00
-1.114836782712233632e+00
-1.124244688051577512e+00
-1.133692122404952096e+00
-1.143179085772357606e+00
-1.152705578153793819e+00
-1.162271599549260959e+00
-1.171877149958759023e+00
-1.251070639960209840e+00
-1.261325317336932761e+00
-1.271621850539683241e+00
-1.281960239568461279e+00
-1.292340484423266433e+00
-1.302762585104099369e+00
-1.313226541610959641e+00
-1.323732353943847251e+00
-1.334280022102762420e+00
-1.374489107211023242e+00
-1.385354633750240927e+00
-1.396262937952998717e+00
-1.407214019819296835e+00
-1.418207879349134837e+00
-1.429244516542513388e+00
-1.440323931399432045e+00
-1.451446123919891029e+00
-1.462611094103890341e+00
-1.587373674363221188e+00
-1.599491030656070123e+00
-1.611654460546990686e+00
-1.623863964035983320e+00
-1.636119541123047139e+00
-1.648421191808182806e+00
-1.660768916091390324e+00
-1.673162713972669247e+00
-1.685602585452019797e+00
-1.754603282303649925e+00
-1.767552384018068024e+00
-1.780549092724083016e+00
-1.793593408421695345e+00
-1.806685331110905013e+00
-1.819824860791711574e+00
-1.833011997464115250e+00
-1.846246741128116042e+00
-1.859529091783713950e+00
-1.946909796897177136e+00
-1.960816295446442536e+00
-1.974772283314388588e+00
-1.988777760501015734e+00
-2.002832727006323310e+00
-2.016937182830311315e+00
-2.031091127972980193e+00
-2.045294562434329944e+00
-2.059547486214360124e+00
-2.255489198013581387e+00
-2.271098119799142445e+00
-2.286760865452929892e+00
-2.302477434974942838e+00
-2.318247828365182173e+00
-2.334072045623647895e+00
-2.349950086750339118e+00
-2.365881951745256728e+00
-2.381867640608400283e+00
-2.460332985193398603e+00
-2.476845287107448446e+00
-2.493412814111511722e+00
-2.510035566205587987e+00
-2.526713543389678573e+00
-2.543446745663782149e+00
-2.560235173027899602e+00
-2.577078825482030933e+00
-2.593977703026175252e+00
-2.866235403178778451e+00
-2.884907946521962696e+00
-2.903641115005871409e+00
-2.922434908630505035e+00
-2.941289327395863129e+00
-2.960204371301945692e+00
-2.979180040348753167e+00
-2.998216334536285110e+00
-3.017313253864541522e+00
-3.309468011298778212e+00
-3.330414011370289362e+00
-3.351426087151805344e+00
-3.372504238643326602e+00
-3.393648465844851803e+00
-3.414858768756381835e+00
-3.436135147377917143e+00
-3.457477601709457282e+00
-3.478886131751001809e+00
-3.853054625498947949e+00
-3.876765730886633676e+00
-3.900549569726428967e+00
-3.924406142018333821e+00
-3.948335447762348238e+00
-3.972337486958471775e+00
-3.996412259606704875e+00
-4.020559765707047539e+00
-4.044780005259499767e+00
-4.258767636136669310e+00
-4.284269238748265707e+00
-4.309846965546762831e+00
-4.335500816532160684e+00
-4.361230791704457488e+00
-4.387036891063655908e+00
-4.412919114609754168e+00
-4.438877462342753155e+00
-4.464911934262651982e+00
-4.711511663301284791e+00
-4.738984034515868693e+00
-4.766536267274681826e+00
-4.794168361577724191e+00
-4.821880317424994011e+00
-4.849672134816492175e+00
-4.877543813752219570e+00
-4.905495354232174421e+00
-4.933526756256359391e+00
-5.195794858933855842e+00
-5.225316420632343473e+00
-5.254921612817229359e+00
-5.284610435488513502e+00
-5.314382888646195013e+00
-5.344238972290274781e+00
-5.374178686420752804e+00
-5.404202031037628196e+00
-5.434309006140901843e+00
-5.342335869793655156e+00
-5.371933298435171089e+00
-5.401612487929289053e+00
-5.431373438276006382e+00
-5.461216149475324855e+00
-5.491140621527244470e+00
-5.521146854431765227e+00
-5.551234848188886239e+00
-5.581404602798608394e+00
-5.534838316354306897e+00
-5.564756361307574117e+00
-5.594755047891442068e+00
-5.624834376105912526e+00
-5.654994345950984602e+00
-5.685234957426657409e+00
-5.715556210532933612e+00
-5.745958105269810545e+00
-5.776440641637289986e+00
-5.368844591452709203e+00
-5.397176225180691844e+00
-5.425582415839537376e+00
-5.454063163429246686e+00
-5.482618467949818886e+00
-5.511248329401253976e+00
-5.539952747783551956e+00
-5.568731723096712827e+00
-5.597585255340737476e+00
-5.387918182642850162e+00
-5.415690956780184528e+00
-5.443535126223784104e+00
-5.471450690973649778e+00
-5.499437651029780660e+00
-5.527496006392177641e+00
-5.555625757060840719e+00
-5.583826903035768119e+00
-5.612099444316961616e+00
-5.302057097432540722e+00
-5.328767712532957113e+00
-5.355545439731614898e+00
-5.382390279028514968e+00
-5.409302230423658209e+00
-5.436281293917042845e+00
-5.463327469508669765e+00
-5.490440757198538968e+00
-5.517621156986650455e+00
-5.174296693364665245e+00
-5.199785839637397267e+00
-5.225337612805148524e+00
-5.250952012867919017e+00
-5.276629039825708745e+00
-5.302368693678516820e+00
-5.328170974426344131e+00
-5.354035882069190677e+00
-5.379963416607055571e+00
-5.241985086014420148e+00
-5.267247664742201074e+00
-5.292570970822692900e+00
-5.317955004255894735e+00
-5.343399765041808358e+00
-5.368905253180432879e+00
-5.394471468671767411e+00
-5.420098411515814618e+00
-5.445786081712571836e+00
-4.804010833623356902e+00
-4.826671262083844560e+00
-4.849385009199532526e+00
-4.872152074970423463e+00
-4.894972459396513820e+00
-4.917846162477806260e+00
-4.940773184214299008e+00
-4.963753524605993839e+00
-4.986787183652889865e+00
-4.870580397865421851e+00
-4.893077305014915446e+00
-4.915626048355997924e+00
-4.938226627888669285e+00
-4.960879043612928641e+00
-4.983583295528777768e+00
-5.006339383636215778e+00
-5.029147307935240896e+00
-5.052007068425855785e+00
-4.960869696333004342e+00
-4.983317070524557302e+00
-5.005815115989679320e+00
-5.028363832728371285e+00
-5.050963220740633197e+00
-5.073613280026465944e+00
-5.096314010585868637e+00
-5.119065412418841277e+00
-5.141867485525383863e+00
-5.611831170337009844e+00
-5.636717339606797772e+00
-5.661658566773199119e+00
-5.686654851836215663e+00
-5.711706194795846514e+00
-5.736812595652091673e+00
-5.761974054404952028e+00
-5.787190571054426691e+00
-5.812462145600515662e+00
-5.912886836357127862e+00
-5.938595039993463054e+00
-5.964359009798206657e+00
-5.990178745771359559e+00
-6.016054247912919983e+00
-6.041985516222889707e+00
-6.067972550701267842e+00
-6.094015351348054388e+00
-6.120113918163249345e+00
-6.384855456696590714e+00
-6.412082985296575721e+00
-6.439368444808476255e+00
-6.466711835232291428e+00
-6.494113156568022127e+00
-6.521572408815666577e+00
-6.549089591975226554e+00
-6.576664706046701170e+00
-6.604297751030090424e+00
-6.575941928549877247e+00
-6.603456329924562773e+00
-6.631028172638234963e+00
-6.658657456690894705e+00
-6.686344182082541110e+00
-6.714088348813174179e+00
-6.741889956882793911e+00
-6.769749006291401194e+00
-6.797665497038993365e+00
-7.850825733656646932e+00
-7.883067317778441385e+00
-7.915374970720155723e+00
-7.947748692481791721e+00
-7.980188483063351157e+00
-8.012694342464831365e+00
-8.045266270686232346e+00
-8.077904267727555876e+00
-8.110608333588800178e+00
-8.219786479778951716e+00
-8.252930780100642849e+00
-8.286141769155372927e+00
-8.319419446943145502e+00
-8.352763813463958797e+00
-8.386174868717814590e+00
-8.419652612704712880e+00
-8.453197045424651890e+00
-8.486808166877631621e+00
-7.948812907752405010e+00
-7.980293354911820458e+00
-8.011836016393685256e+00
-8.043440892197999403e+00
-8.075107982324762901e+00
-8.106837286773975748e+00
-8.138628805545639722e+00
-8.170482538639751269e+00
-8.202398486056313942e+00
-7.190065248834604184e+00
-7.218042156417618038e+00
-7.246073388093026146e+00
-7.274158943860828508e+00
-7.302298823721024235e+00
-7.330493027673615991e+00
-7.358741555718601113e+00
-7.387044407855979600e+00
-7.415401584085753228e+00
-7.569130736602815546e+00
-7.598075787220799349e+00
-7.627076076485000300e+00
-7.656131604395420176e+00
-7.685242370952056312e+00
-7.714408376154911373e+00
-7.743629620003982694e+00
-7.772906102499271164e+00
-7.802237823640778558e+00
-8.355292641643949025e+00
-8.386703516236595490e+00
-8.418173323051743040e+00
-8.449702062089389898e+00
-8.481289733349536064e+00
-8.512936336832183315e+00
-8.544641872537331651e+00
-8.576406340464979294e+00
-8.608229740615128023e+00
-8.366751042932062177e+00
-8.397681730706302972e+00
-8.428669486170162983e+00
-8.459714309323643988e+00
-8.490816200166745986e+00
-8.521975158699468977e+00
-8.553191184921811185e+00
-8.584464278833772610e+00
-8.615794440435356805e+00
-8.278574050258880490e+00
-8.308677955896186518e+00
-8.338836496570944945e+00
-8.369049672283159325e+00
-8.399317483032827880e+00
-8.429639928819948835e+00
-8.460017009644525743e+00
-8.490448725506556826e+00
-8.520935076406040309e+00
-8.275938268376236806e+00
-8.305548065400838453e+00
-8.335210737062983100e+00
-8.364926283362674297e+00
-8.394694704299908494e+00
-8.424515999874685690e+00
-8.454390170087007661e+00
-8.484317214936872631e+00
-8.514297134424282376e+00
-8.117409504586644786e+00
-8.145991932419697434e+00
-8.174624592990593186e+00
-8.203307486299332041e+00
-8.232040612345913999e+00
-8.260823971130339061e+00
-8.289657562652610778e+00
-8.318541386912723823e+00
-8.347475443910681747e+00
-8.563887973329849856e+00
-8.593572160412447758e+00
-8.623307704220103176e+00
-8.653094604752814334e+00
-8.682932862010584785e+00
-8.712822475993409199e+00
-8.742763446701289354e+00
-8.772755774134227025e+00
-8.802799458292222212e+00
-8.585548277356235047e+00
-8.614850489906938691e+00
-8.644202621048018287e+00
-8.673604670779473835e+00
-8.703056639101307113e+00
-8.732558526013514566e+00
-8.762110331516097972e+00
-8.791712055609057330e+00
-8.821363698292394417e+00
-8.577907691156587688e+00
-8.606740994320139393e+00
-8.635622675509134538e+00
-8.664552734723569571e+00
-8.693531171963448045e+00
-8.722557987228768184e+00
-8.751633180519529986e+00
-8.780756751835735230e+00
-8.809928701177382138e+00
-7.229263821269661605e+00
-7.253201780942740484e+00
-7.277179307491310922e+00
-7.301196400915374696e+00
-7.325253061214931805e+00
-7.349349288389980472e+00
-7.373485082440522476e+00
-7.397660443366556926e+00
-7.421875371168083824e+00
-5.180823325981937622e+00
-5.197726501596886095e+00
-5.214657206813814838e+00
-5.231615441632721186e+00
-5.248601206053606916e+00
-5.265614500076470250e+00
-5.282655323701313854e+00
-5.299723676928135063e+00
-5.316819559756935654e+00
-5.566850689305640643e+00
-5.584750530750353548e+00
-5.602679103882779010e+00
-5.620636408702916142e+00
-5.638622445210764944e+00
-5.656637213406327191e+00
-5.674680713289600220e+00
-5.692752944860586695e+00
-5.710853908119284839e+00
-5.136015826616133317e+00
-5.152294799125217928e+00
-5.168599529502196255e+00
-5.184930017747068298e+00
-5.201286263859835834e+00
-5.217668267840496199e+00
-5.234076029689051168e+00
-5.250509549405500742e+00
-5.266968826989844032e+00
-1.987474922313184900e+00
-1.993685781445413641e+00
-1.999906329905461577e+00
-2.006136567693328931e+00
-2.012376494809015703e+00
-2.018626111252522115e+00
-2.024885417023847722e+00
-2.031154412122992969e+00
-2.037433096549957412e+00
2.174289214154811134e+00
2.180989643166074021e+00
2.187700380529661981e+00
2.194421426245575013e+00
2.201152780313813118e+00
2.207894442734375851e+00
2.214646413507264100e+00
2.221408692632476978e+00
2.228181280110014928e+00
3.521577239438220541e+00
3.532281121624962772e+00
3.543001246425038886e+00
3.553737613838447995e+00
3.564490223865190544e+00
3.575259076505266531e+00
3.586044171758676402e+00
3.596845509625419268e+00
3.607663090105495574e+00
2.884441422379298903e+00
2.893090422146553209e+00
2.901752369518248997e+00
2.910427264494387600e+00
2.919115107074967685e+00
2.927815897259989697e+00
2.936529635049454523e+00
2.945256320443360387e+00
2.953995953441709066e+00
3.014722734670144177e+00
3.023642032701712612e+00
3.032574505471879789e+00
3.041520152980646596e+00
3.050478975228012146e+00
3.059450972213976883e+00
3.068436143938540805e+00
3.077434490401703471e+00
3.086446011603465323e+00
5.236666253906314239e+00
5.251955790414069902e+00
5.267267614875918547e+00
5.282601727291860172e+00
5.297958127661895666e+00
5.313336815986022366e+00
5.328737792264242934e+00
5.344161056496555595e+00
5.359606608682962126e+00
6.921879980568308000e+00
6.941827761492136872e+00
6.961804244259020003e+00
6.981809428868960055e+00
7.001843315321956140e+00
7.021905903618007372e+00
7.041997193757114637e+00
7.062117185739277048e+00
7.082265879564496380e+00
7.800994619742040115e+00
7.823188061049983766e+00
7.845413027132511985e+00
7.867669517989624772e+00
7.889957533621323904e+00
7.912277074027607604e+00
7.934628139208475872e+00
7.957010729163931373e+00
7.979424843893969665e+00
4.830945054910105618e+00
4.844515125289066582e+00
4.858104228024799909e+00
4.871712363117306488e+00
4.885339530566585431e+00
4.898985730372637626e+00
4.912650962535462185e+00
4.926335227055059995e+00
4.940038523931430170e+00
3.614080912779108257e+00
3.624106102551033270e+00
3.634145177627352119e+00
3.644198138008064358e+00
3.654264983693169544e+00
3.664345714682667232e+00
3.674440330976559199e+00
3.684548832574844113e+00
3.694671219477521973e+00
2.203311386928577864e+00
2.209347856481806538e+00
2.215392583859321807e+00
2.221445569061123226e+00
2.227506812087210797e+00
2.233576312937584962e+00
2.239654071612244834e+00
2.245740088111191302e+00
2.251834362434423920e+00
1.924082883527166832e+00
1.929290144375684246e+00
1.934504442063186058e+00
1.939725776589672490e+00
1.944954147955143320e+00
1.950189556159598547e+00
1.955432001203038395e+00
1.960681483085462640e+00
1.965938001806871283e+00
1.921752221722191400e+00
1.926890596646582132e+00
1.932035831884623800e+00
1.937187927436315960e+00
1.942346883301659277e+00
1.947512699480652865e+00
1.952685375973297610e+00
1.957864912779592625e+00
1.963051309899538577e+00
-1.290624898948103283e+00
-1.294034740160647790e+00
-1.297449079844448905e+00
-1.300867917999506629e+00
-1.304291254625821184e+00
-1.307719089723392347e+00
-1.311151423292220120e+00
-1.314588255332304501e+00
-1.318029585843645712e+00
-4.809010762000249350e+00
-4.821566925869701592e+00
-4.834139460226597684e+00
-4.846728365070937627e+00
-4.859333640402721421e+00
-4.871955286221949066e+00
-4.884593302528621450e+00
-4.897247689322736797e+00
-4.909918446604296882e+00
-6.549459832301546491e+00
-6.566361664126841191e+00
-6.583285276663249697e+00
-6.600230669910774672e+00
-6.617197843869414342e+00
-6.634186798539168706e+00
-6.651197533920038651e+00
-6.668230050012023291e+00
-6.685284346815123513e+00
-5.143239416947505305e+00
-5.156359925664207644e+00
-5.169497148404753162e+00
-5.182651085169142746e+00
-5.195821735957373733e+00
-5.209009100769448786e+00
-5.222213179605365241e+00
-5.235433972465126651e+00
-5.248671479348729463e+00
-4.550813548150488330e+00
-4.562291009810389042e+00
-4.573782926711674968e+00
-4.585289298854345219e+00
-4.596810126238401573e+00
-4.608345408863843140e+00
-4.619895146730669921e+00
-4.631459339838881917e+00
-4.643037988188478238e+00
-8.786663600913087180e+00
-8.808575480217109899e+00
-8.830514647042058130e+00
-8.852481101387933649e+00
-8.874474843254736456e+00
-8.896495872642464775e+00
-8.918544189551120382e+00
-8.940619793980703278e+00
-8.962722685931211686e+00
-1.209359911357979733e+01
-1.212342303247888431e+01
-1.215328368034213291e+01
-1.218318105716954314e+01
-1.221311516296111499e+01
-1.224308599771684669e+01
-1.227309356143674002e+01
-1.230313785412079675e+01
-1.233321887576901332e+01
-1.173629313347214165e+01
-1.176491823867573139e+01
-1.179357821002451523e+01
-1.182227304751849140e+01
-1.185100275115766166e+01
-1.187976732094202603e+01
-1.190856675687158273e+01
-1.193740105894633174e+01
-1.196627022716627486e+01
-9.669516306927482319e+00
-9.692844452420672496e+00
-9.716200704113251874e+00
-9.739585062005222227e+00
-9.762997526096580003e+00
-9.786438096387326979e+00
-9.809906772877466707e+00
-9.833403555566992083e+00
-9.856928444455908433e+00
-1.037327154496556503e+01
-1.039802875629006529e+01
-1.042281547561376165e+01
-1.044763170293665056e+01
-1.047247743825873556e+01
-1.049735268158001489e+01
-1.052225743290048854e+01
-1.054719169222015829e+01
-1.057215545953902414e+01
-1.328958673160495785e+01
-1.332096710169139264e+01
-1.335238447693122943e+01
-1.338383885732447354e+01
-1.341533024287111786e+01
-1.344685863357116773e+01
-1.347842402942462137e+01
-1.351002643043147877e+01
-1.354166583659173995e+01
-1.402833053994848100e+01
-1.406110701317265743e+01
-1.409392173198986242e+01
-1.412677469640009598e+01
-1.415966590640335632e+01
-1.419259536199964344e+01
-1.422556306318895736e+01
-1.425856900997129806e+01
-1.429161320234666555e+01
-1.561559226325387861e+01
-1.565169767889145902e+01
-1.568784478669490490e+01
-1.572403358666421092e+01
-1.576026407879938418e+01
-1.579653626310041759e+01
-1.583285013956731646e+01
-1.586920570820007725e+01
-1.590560296899869996e+01
-1.225315316089549356e+01
-1.228119241297992303e+01
-1.230926370992387753e+01
-1.233736705172735704e+01
-1.236550243839035979e+01
-1.239366986991288933e+01
-1.242186934629494388e+01
-1.245010086753652345e+01
-1.247836443363762804e+01
-9.940976398055713759e+00
-9.963492765888229741e+00
-9.986034604725080754e+00
-1.000860191456626680e+01
-1.003119469541178965e+01
-1.005381294726164754e+01
-1.007645667011584045e+01
-1.009912586397436840e+01
-1.012182052883723138e+01
-1.060571564505656106e+01
-1.062949527654771842e+01
-1.065330153696551818e+01
-1.067713442630996035e+01
-1.070099394458104314e+01
-1.072488009177877011e+01
-1.074879286790313770e+01
-1.077273227295414593e+01
-1.079669830693179655e+01
-1.351500013675553014e+01
-1.354500013705909289e+01
-1.357503339678649823e+01
-1.360509991593774082e+01
-1.363519969451282421e+01
-1.366533273251174840e+01
-1.369549902993450985e+01
-1.372569858678111565e+01
-1.375593140305155693e+01
-1.476823581049482748e+01
-1.480069347161679261e+01
-1.483318676134591918e+01
-1.486571567968220364e+01
-1.489828022662564777e+01
-1.493088040217625156e+01
-1.496351620633401325e+01
-1.499618763909893460e+01
-1.502889470047101561e+01
-3.768117609703244941e+00
-3.776318083282577565e+00
-3.784527470420147921e+00
-3.792745771115957343e+00
-3.800972985370005386e+00
-3.809209113182291162e+00
-3.817454154552815559e+00
-3.825708109481578578e+00
-3.833970977968579330e+00
9.798944133185507610e+00
9.820062547265649755e+00
9.841203693761377380e+00
9.862367572672692262e+00
9.883554183999594400e+00
9.904763527742082019e+00
9.925995603900156894e+00
9.947250412473820802e+00
9.968527953463068414e+00
8.244860939592689064e+00
8.262459362089151327e+00
8.280076546230066725e+00
8.297712492015433483e+00
8.315367199445255153e+00
8.333040668519528182e+00
8.350732899238252571e+00
8.368443891601430096e+00
8.386173645609060756e+00
1.733940259455900801e+00
1.737606095099570869e+00
1.741275801741808626e+00
1.744949379382613852e+00
1.748626828021987212e+00
1.752308147659928261e+00
1.755993338296437001e+00
1.759682399931513652e+00
1.763375332565157771e+00
1.119934522335357308e+01
1.122279934947578006e+01
1.124627800920271703e+01
1.126978120253438398e+01
1.129330892947078091e+01
1.131686119001190960e+01
1.134043798415776649e+01
1.136403931190835515e+01
1.138766517326367556e+01
3.647553994447324044e+01
3.655121533854890714e+01
3.662696915272206866e+01
3.670280138699271788e+01
3.677871204136084771e+01
3.685470111582647235e+01
3.693076861038958469e+01
3.700691452505017764e+01
3.708313885980825830e+01
4.941681210170155225e+01
4.951838828279446147e+01
4.962006875154763463e+01
4.972185350796106462e+01
4.982374255203475855e+01
4.992573588376870219e+01
5.002783350316291688e+01
5.013003541021738840e+01
5.023234160493211675e+01
3.563033281986025003e+01
3.570289968914713796e+01
3.577554038027459882e+01
3.584825489324263970e+01
3.592104322805125349e+01
3.599390538470044021e+01
3.606684136319021405e+01
3.613985116352055371e+01
3.621293478569148050e+01
2.574809856455902235e+01
2.580006243653593145e+01
2.585207869144830184e+01
2.590414732929612995e+01
2.595626835007942645e+01
2.600844175379817713e+01
2.606066754045238909e+01
2.611294571004206588e+01
2.616527626256719685e+01
3.370114403500026867e+01
3.376854632307026804e+01
3.383601594609339003e+01
3.390355290406962041e+01
3.397115719699897340e+01
3.403882882488144190e+01
3.410656778771702591e+01
3.417437408550572542e+01
3.424224771824754754e+01
4.584259150904224356e+01
4.593345888567067448e+01
4.602441622999873516e+01
4.611546354202642561e+01
4.620660082175376004e+01
4.629782806918071003e+01
4.638914528430729689e+01
4.648055246713352062e+01
4.657204961765937412e+01
4.171385977435693349e+01
4.179581234758749986e+01
4.187784534532565317e+01
4.195995876757138632e+01
4.204215261432471351e+01
4.212442688558561343e+01
4.220678158135411451e+01
4.228921670163019542e+01
4.237173224641387037e+01
2.673369060158255905e+01
2.678575231648339994e+01
2.683786467507578166e+01
2.689002767735969712e+01
2.694224132333515342e+01
2.699450561300214702e+01
2.704682054636068145e+01
2.709918612341074606e+01
2.715160234415235152e+01
8.909767337673772047e+00
8.926967660719473230e+00
8.944184570383349353e+00
8.961418066665398641e+00
8.978668149565621093e+00
8.995934819084014933e+00
9.013218075220585490e+00
9.030517917975327435e+00
9.047834347348242545e+00
-1.821243956231491712e+00
-1.824729590597485185e+00
-1.828218557309908565e+00
-1.831710856368762297e+00
-1.835206487774046158e+00
-1.838705451525760148e+00
-1.842207747623904490e+00
-1.845713376068479183e+00
-1.849222336859483784e+00
-3.089656746320332825e+00
-3.095519472594185917e+00
-3.101387755954553960e+00
-3.107261596401437398e+00
-3.113140993934836231e+00
-3.119025948554751348e+00
-3.124916460261181417e+00
-3.130812529054126880e+00
-3.136714154933588183e+00
4.392651824806132588e+00
4.400916456649605735e+00
4.409188856004210066e+00
4.417469022869945583e+00
4.425756957246812284e+00
4.434052659134810170e+00
4.442356128533939241e+00
4.450667365444198609e+00
4.458986369865590049e+00
-1.153187576270715198e+01
-1.155339045629429151e+01
-1.157492520085401999e+01
-1.159647999638633564e+01
-1.161805484289124202e+01
-1.163964974036873379e+01
-1.166126468881881451e+01
-1.168289968824148417e+01
-1.170455473863674278e+01
-3.321259345238279792e+01
-3.327404135886268932e+01
-3.333554605638369139e+01
-3.339710754494580414e+01
-3.345872582454902755e+01
-3.352040089519336163e+01
-3.358213275687879218e+01
-3.364392140960534761e+01
-3.370576685337299949e+01
-4.626162543563213347e+01
-4.634650915202779231e+01
-4.643147067201317668e+01
-4.651650999558829369e+01
-4.660162712275313623e+01
-4.668682205350771852e+01
-4.677209478785201924e+01
-4.685744532578605970e+01
-4.694287366730982569e+01
-3.079199998819422390e+01
-3.084803638489703559e+01
-3.090412372377866390e+01
-3.096026200483911595e+01
-3.101645122807838817e+01
-3.107269139349648057e+01
-3.112898250109339671e+01
-3.118532455086912947e+01
-3.124171754282368596e+01
-2.853622863959582290e+01
-2.858773807757343377e+01
-2.863929396229403324e+01
-2.869089629375762840e+01
-2.874254507196420860e+01
-2.879424029691378806e+01
-2.884598196860635611e+01
-2.889777008704191275e+01
-2.894960465222046508e+01
-4.497459924495541372e+01
-4.505512672793653195e+01
-4.513572623907774073e+01
-4.521639777837904006e+01
-4.529714134584043705e+01
-4.537795694146191749e+01
-4.545884456524348849e+01
-4.553980421718515004e+01
-4.562083589728690214e+01
-6.564241180096855999e+01
-6.575900578285305187e+01
-6.587570321991223921e+01
-6.599250411214613621e+01
-6.610940845955471445e+01
-6.622641626213800237e+01
-6.634352751989598573e+01
-6.646074223282866456e+01
-6.657806040093603883e+01
-5.645188457507745738e+01
-5.655135926155336534e+01
-5.665092151377441354e+01
-5.675057133174059487e+01
-5.685030871545191644e+01
-5.695013366490837114e+01
-5.705004618010995898e+01
-5.715004626105669416e+01
-5.725013390774855537e+01
-3.619307836529184641e+01
-3.625635297781857957e+01
-3.631968285201563873e+01
-3.638306798788303098e+01
-3.644650838542075633e+01
-3.651000404462880766e+01
-3.657355496550718499e+01
-3.663716114805589541e+01
-3.670082259227493182e+01
-3.541196264334898558e+01
-3.547338842417006077e+01
-3.553486743357070310e+01
-3.559639967155091256e+01
-3.565798513811068915e+01
-3.571962383325003287e+01
-3.578131575696894373e+01
-3.584306090926742883e+01
-3.590485929014547395e+01
-4.274879088104932379e+01
-4.282236883437299468e+01
-4.289601005334869654e+01
-4.296971453797644358e+01
-4.304348228825623579e+01
-4.311731330418806607e+01
-4.319120758577193442e+01
-4.326516513300784084e+01
-4.333918594589579243e+01
-4.191025515516995625e+01
-4.198183543724539390e+01
-4.205347679464684063e+01
-4.212517922737428222e+01
-4.219694273542773288e+01
-4.226876731880718552e+01
-4.234065297751264012e+01
-4.241259971154409669e+01
-4.248460752090155523e+01
-3.265719675252532994e+01
-3.271254793346181344e+01
-3.276794598246005563e+01
-3.282339089952005651e+01
-3.287888268464181607e+01
-3.293442133782532721e+01
-3.299000685907060415e+01
-3.304563924837763977e+01
-3.310131850574643408e+01
-1.519653099719880274e+01
-1.522209286599139944e+01
-1.524767621534600615e+01
-1.527328104526262464e+01
-1.529890735574125316e+01
-1.532455514678189346e+01
-1.535022441838454199e+01
-1.537591517054920409e+01
-1.540162740327587443e+01
8.823178656725672031e-02
8.837908504232726281e-02
8.852650636850295518e-02
8.867405054578379742e-02
8.882171757416977564e-02
8.896950745366091762e-02
8.911742018425719558e-02
8.926545576595862341e-02
8.941361419876518724e-02
7.307195543682436956e+00
7.319303572752332343e+00
7.331421625025101640e+00
7.343549700500743072e+00
7.355687799179256636e+00
7.367835921060642335e+00
7.379994066144901055e+00
7.392162234432031909e+00
7.404340425922034896e+00
1.073850949361135143e+01
1.075617151580478925e+01
1.077384805075270435e+01
1.079153909845508963e+01
1.080924465891194686e+01
1.082696473212327781e+01
1.084469931808908072e+01
1.086244841680935735e+01
1.088021202828410772e+01
2.186545629557380721e+01
2.190115499972984381e+01
2.193688282191537553e+01
2.197263976213039527e+01
2.200842582037490658e+01
2.204424099664890946e+01
2.208008529095240391e+01
2.211595870328538993e+01
2.215186123364786752e+01
6.051004621975948083e+01
6.060811760747383659e+01
6.070626840521873646e+01
6.080449861299417336e+01
6.090280823080014017e+01
6.100119725863665110e+01
6.109966569650369905e+01
6.119821354440129113e+01
6.129684080232941312e+01
1.032263218002612604e+02
1.033924140316373865e+02
1.035586397776689580e+02
1.037249990383559748e+02
1.038914918136984369e+02
1.040581181036963443e+02
1.042248779083497112e+02
1.043917712276585235e+02
1.045587980616227810e+02
1.209044242277630872e+02
1.210975622856349219e+02
1.212908544840158243e+02
1.214843008229057943e+02
1.216779013023048464e+02
1.218716559222129803e+02
1.220655646826301819e+02
1.222596275835564512e+02
1.224538446249918167e+02
1.082508934607269424e+02
1.084225840134005807e+02
1.085944106124709378e+02
1.087663732579380422e+02
1.089384719498018512e+02
1.091107066880624075e+02
1.092830774727197110e+02
1.094555843037737191e+02
1.096282271812244744e+02
1.263665075417348191e+02
1.265655099158162926e+02
1.267646688613958617e+02
1.269639843784735262e+02
1.271634564670493006e+02
1.273630851271231563e+02
1.275628703586951218e+02
1.277628121617651544e+02
1.279629105363333110e+02
1.711560172054484497e+02
1.714236575763717383e+02
1.716915070413348303e+02
1.719595656003376973e+02
1.722278332533803393e+02
1.724963100004627847e+02
1.727649958415850051e+02
1.730338907767469721e+02
1.733029948059487708e+02
1.938823892332435435e+02
1.941834488438541939e+02
1.944847420150626363e+02
1.947862687468689273e+02
1.950880290392730672e+02
1.953900228922750273e+02
1.956922503058748362e+02
1.959947112800724938e+02
1.962974058148679433e+02
1.729478215715132876e+02
1.732145105793336768e+02
1.734814050486392603e+02
1.737485049794301233e+02
1.740158103717061522e+02
1.742833212254674038e+02
1.745510375407139065e+02
1.748189593174456320e+02
1.750870865556625802e+02
1.428157467020198510e+02
1.430344538179494407e+02
1.432533282690863246e+02
1.434723700554304742e+02
1.436915791769819464e+02
1.439109556337406843e+02
1.441304994257067449e+02
1.443502105528800712e+02
1.445700890152606917e+02
1.413611586574197361e+02
1.415761566173549681e+02
1.417913179496001987e+02
1.420066426541553994e+02
1.422221307310205702e+02
1.424377821801957396e+02
1.426535970016808790e+02
1.428695751954760169e+02
1.430857167615811250e+02
1.420230284507975114e+02
1.422375647475510050e+02
1.424522629584907065e+02
1.426671230836166160e+02
1.428821451229287902e+02
1.430973290764271724e+02
1.433126749441117624e+02
1.435281827259826173e+02
1.437438524220396801e+02
1.363241025493645395e+02
1.365286398375106103e+02
1.367333304519596595e+02
1.369381743927116588e+02
1.371431716597666082e+02
1.373483222531245076e+02
1.375536261727853855e+02
1.377590834187492135e+02
1.379646939910160199e+02
1.069305684081542296e+02
1.070899284206850268e+02
1.072494070929421781e+02
1.074090044249257261e+02
1.075687204166356423e+02
1.077285550680719695e+02
1.078885083792346506e+02
1.080485803501237143e+02
1.082087709807391747e+02
6.828502003923841812e+01
6.838610815180575742e+01
6.848727103368712221e+01
6.858850868488252672e+01
6.868982110539195673e+01
6.879120829521541225e+01
6.889267025435289327e+01
6.899420698280441400e+01
6.909581848056996023e+01
4.196837622360275333e+01
4.203009442393157968e+01
4.209185797194617606e+01
4.215366686764653537e+01
4.221552111103266469e+01
4.227742070210456404e+01
4.233936564086222631e+01
4.240135592730565151e+01
4.246339156143484672e+01
2.347576421951639958e+01
2.351006044189699296e+01
2.354438169801655079e+01
2.357872798787507307e+01
2.361309931147255625e+01
2.364749566880900744e+01
2.368191705988441953e+01
2.371636348469879962e+01
2.375083494325213707e+01
2.586674395014211569e+01
2.590428639419166856e+01
2.594185606263864585e+01
2.597945295548305111e+01
2.601707707272488079e+01
2.605472841436413134e+01
2.609240698040081341e+01
2.613011277083491990e+01
2.616784578566645081e+01
5.947436295720722299e+00
5.956012267307919217e+00
5.964594417548997107e+00
5.973182746443955082e+00
5.981777253992795806e+00
5.990377940195516615e+00
5.998984805052120173e+00
6.007597848562603815e+00
6.016217070726969318e+00
-3.955026556640004998e+01
-3.960692783798515393e+01
-3.966363066953559979e+01
-3.972037406105138757e+01
-3.977715801253251726e+01
-3.983398252397899597e+01
-3.989084759539080949e+01
-3.994775322676797202e+01
-4.000469941811047647e+01
-6.509317997232460584e+01
-6.518583930324606968e+01
-6.527856453696334427e+01
-6.537135567347644383e+01
-6.546421271278535414e+01
-6.555713565489008943e+01
-6.565012449979064968e+01
-6.574317924748702069e+01
-6.583629989797920246e+01
-5.934377636404741452e+01
-5.942771381293574251e+01
-5.951171058157594018e+01
-5.959576666996799332e+01
-5.967988207811191614e+01
-5.976405680600770154e+01
-5.984829085365534951e+01
-5.993258422105486716e+01
-6.001693690820624738e+01
-4.299194481605641016e+01
-4.305236919387236583e+01
-4.311283600453792531e+01
-4.317334524805306017e+01
-4.323389692441779175e+01
-4.329449103363211293e+01
-4.335512757569602371e+01
-4.341580655060952409e+01
-4.347652795837261408e+01
-7.535380199788313860e+01
-7.545904473810364266e+01
-7.556436092057134601e+01
-7.566975054528622024e+01
-7.577521361224830798e+01
-7.588075012145755238e+01
-7.598636007291401029e+01
-7.609204346661763907e+01
-7.619780030256845293e+01
-9.975783757602336266e+01
-9.989629397793316912e+01
-1.000348463967652606e+02
-1.001734948325196086e+02
-1.003122392851962275e+02
-1.004510797547951171e+02
-1.005900162413162633e+02
-1.007290487447596945e+02
-1.008681772651253823e+02
-1.106890426329663484e+02
-1.108417171745290659e+02
-1.109944969363133964e+02
-1.111473819183193257e+02
-1.113003721205468821e+02
-1.114534675429960657e+02
-1.116066681856668481e+02
-1.117599740485592434e+02
-1.119133851316732517e+02
-9.034290603698387656e+01
-9.046674826595848629e+01
-9.059067531837762033e+01
-9.071468719424123606e+01
-9.083878389354937610e+01
-9.096296541630199783e+01
-9.108723176249912967e+01
-9.121158293214077162e+01
-9.133601892522690946e+01
-8.170223081185106651e+01
-8.181354175301163423e+01
-8.192492846744731594e+01
-8.203639095515812585e+01
-8.214792921614406396e+01
-8.225954325040513027e+01
-8.237123305794132477e+01
-8.248299863875264748e+01
-8.259483999283908418e+01
-8.332583657632962115e+01
-8.343866777006873292e+01
-8.355157530426367885e+01
-8.366455917891447314e+01
-8.377761939402111580e+01
-8.389075594958360682e+01
-8.400396884560193200e+01
-8.411725808207611976e+01
-8.423062365900612747e+01
-8.308079534654785903e+01
-8.319261337527807143e+01
-8.330450660106862415e+01
-8.341647502391951718e+01
-8.352851864383076474e+01
-8.364063746080235262e+01
-8.375283147483428081e+01
-8.386510068592654932e+01
-8.397744509407917235e+01
-7.405765029166411750e+01
-7.415672407131852140e+01
-7.425586407676145484e+01
-7.435507030799293204e+01
-7.445434276501295301e+01
-7.455368144782150353e+01
-7.465308635641859780e+01
-7.475255749080425005e+01
-7.485209485097841764e+01
-1.151188313088589332e+01
-1.152719148611313393e+01
-1.154251001300497848e+01
-1.155783871156142695e+01
-1.157317758178247757e+01
-1.158852662366813036e+01
-1.160388583721838529e+01
-1.161925522243324593e+01
-1.163463477931270518e+01
-1.165002450785677190e+01
-1.166542440806543901e+01
-1.168083447993870827e+01
-1.169625472347658146e+01
-1.171168513867905681e+01
-1.172712572554613430e+01
-1.174257648407781751e+01
-1.175803741427410110e+01
5.378217584391292405e+01
5.385289533877671175e+01
5.392366129848601020e+01
5.399447372304081938e+01
5.406533261244113930e+01
5.413623796668695576e+01
5.420718978577829006e+01
5.427818806971513510e+01
5.434923281849748378e+01
5.442032403212534319e+01
5.449146171059870625e+01
5.456264585391758715e+01
5.463387646208196458e+01
5.470515353509185985e+01
5.477647707294725876e+01
5.484784707564816841e+01
5.491926354319458170e+01
1.215029413643360243e+02
1.216609425884768996e+02
1.218190464774807822e+02
1.219772530313476295e+02
1.221355622500774842e+02
1.222939741336703179e+02
1.224524886821261447e+02
1.226111058954449504e+02
1.227698257736267635e+02
1.229286483166715698e+02
1.230875735245793408e+02
1.232466013973501191e+02
1.234057319349838906e+02
1.235649651374806410e+02
1.237243010048403704e+02
1.238837395370631072e+02
1.240432807341488370e+02
2.253761255887434629e+02
2.256659984190826833e+02
2.259560575430146514e+02
2.262463029605393956e+02
2.265367346716569159e+02
2.268273526763671839e+02
2.271181569746701996e+02
2.274091475665660198e+02
2.277003244520545877e+02
2.279916876311359033e+02
2.282832371038099950e+02
2.285749728700768344e+02
2.288668949299364499e+02
2.291590032833888131e+02
2.294512979304339524e+02
2.297437788710718678e+02
2.300364461053025309e+02
2.545827361933988584e+02
2.549066328043319345e+02
2.552307353253800386e+02
2.555550437565431707e+02
2.558795580978213025e+02
2.562042783492144622e+02
2.565292045107226500e+02
2.568543365823459226e+02
2.571796745640841664e+02
2.575052184559373813e+02
2.578309682579057380e+02
2.581569239699890659e+02
2.584830855921873649e+02
2.588094531245007488e+02
2.591360265669291039e+02
2.594628059194725438e+02
2.597897911821310117e+02
2.782777850599338194e+02
2.786280402960067590e+02
2.789785158183916565e+02
2.793292116270885117e+02
2.796801277220974384e+02
2.800312641034183230e+02
2.803826207710512222e+02
2.807341977249961360e+02
2.810859949652530076e+02
2.814380124918218939e+02
2.817902503047027949e+02
2.821427084038956536e+02
2.824953867894005271e+02
2.828482854612174151e+02
2.832014044193462610e+02
2.835547436637871215e+02
2.839083031945399398e+02
2.711371109438376266e+02
2.714747661255859157e+02
2.718126314225685860e+02
2.721507068347856944e+02
2.724889923622372407e+02
2.728274880049232820e+02
2.731661937628437045e+02
2.735051096359986218e+02
2.738442356243879772e+02
2.741835717280117137e+02
2.745231179468699452e+02
2.748628742809626146e+02
2.752028407302897222e+02
2.755430172948512677e+02
2.758834039746472513e+02
2.762240007696776729e+02
2.765648076799425326e+02
2.096745661848966904e+02
2.099329451943666811e+02
2.101914833042119710e+02
2.104501805144325317e+02
2.107090368250283916e+02
2.109680522359995223e+02
2.112272267473459806e+02
2.114865603590676812e+02
2.117460530711647095e+02
2.120057048836370370e+02
2.122655157964846069e+02
2.125254858097074759e+02
2.127856149233056726e+02
2.130459031372791401e+02
2.133063504516279068e+02
2.135669568663519442e+02
2.138277223814512524e+02
1.468437163669892129e+02
1.470227940698757720e+02
1.472019808999426687e+02
1.473812768571898459e+02
1.475606819416173607e+02
1.477401961532251562e+02
1.479198194920132892e+02
1.480995519579817028e+02
1.482793935511304255e+02
1.484593442714594858e+02
1.486394041189688267e+02
1.488195730936584766e+02
1.489998511955284641e+02
1.491802384245787323e+02
1.493607347808093095e+02
1.495413402642201959e+02
1.497220548748114197e+02
5.318612367952296438e+01
5.325031936290198331e+01
5.331455376502852772e+01
5.337882688590258340e+01
5.344313872552415035e+01
5.350748928389323567e+01
5.357187856100983936e+01
5.363630655687395432e+01
5.370077327148558055e+01
5.376527870484471805e+01
5.382982285695137392e+01
5.389440572780554106e+01
5.395902731740723368e+01
5.402368762575643046e+01
5.408838665285314562e+01
5.415312439869737204e+01
5.421790086328911684e+01
-6.643794380018034929e+01
-6.651732007712202233e+01
-6.659674374288574938e+01
-6.667621479747153046e+01
-6.675573324087936555e+01
-6.683529907310925466e+01
-6.691491229416121200e+01
-6.699457290403520915e+01
-6.707428090273126031e+01
-6.715403629024937970e+01
-6.723383906658955311e+01
-6.731368923175176633e+01
-6.739358678573603356e+01
-6.747353172854236902e+01
-6.755352406017074429e+01
-6.763356378062120200e+01
-6.771365088989368530e+01
-1.180419104929915761e+02
-1.181815224509963116e+02
-1.183212169219785750e+02
-1.184609939059383805e+02
-1.186008534028757282e+02
-1.187407954127906180e+02
-1.188808199356830642e+02
-1.190209269715530525e+02
-1.191611165204005829e+02
-1.193013885822256555e+02
-1.194417431570282702e+02
-1.195821802448084412e+02
-1.197226998455661544e+02
-1.198633019593013955e+02
-1.200039865860141930e+02
-1.201447537257045326e+02
-1.202856033783724143e+02
-2.022094706723074466e+02
-2.024462499119705683e+02
-2.026831677000477896e+02
-2.029202240365390537e+02
-2.031574189214444175e+02
-2.033947523547638809e+02
-2.036322243364973872e+02
-2.038698348666450215e+02
-2.041075839452066987e+02
-2.043454715721824471e+02
-2.045834977475722951e+02
-2.048216624713762144e+02
-2.050599657435942333e+02
-2.052984075642262951e+02
-2.055369879332724850e+02
-2.057757068507327460e+02
-2.060145643166070499e+02
-2.375749447836210209e+02
-2.378503939949643211e+02
-2.381260027944949798e+02
-2.384017711822129968e+02
-2.386776991581183438e+02
-2.389537867222110208e+02
-2.392300338744910277e+02
-2.395064406149583931e+02
-2.397830069436130884e+02
-2.400597328604550853e+02
-2.403366183654844690e+02
-2.406136634587011258e+02
-2.408908681401051695e+02
-2.411682324096965431e+02
-2.414457562674752751e+02
-2.417234397134412802e+02
-2.420012827475946722e+02
-2.502079346939198956e+02
-2.504951998313411252e+02
-2.507826297795125186e+02
-2.510702245384339619e+02
-2.513579841081055122e+02
-2.516459084885271693e+02
-2.519339976796989049e+02
-2.522222516816207758e+02
-2.525106704942927252e+02
-2.527992541177147814e+02
-2.530880025518869161e+02
-2.533769157968091861e+02
-2.536659938524815061e+02
-2.539552367189039614e+02
-2.542446443960764952e+02
-2.545342168839991075e+02
-2.548239541826718551e+02
-2.489454759659707577e+02
-2.492285293780980737e+02
-2.495117436160277293e+02
-2.497951186797597529e+02
-2.500786545692940877e+02
-2.503623512846307904e+02
-2.506462088257698326e+02
-2.509302271927112145e+02
-2.512144063854549358e+02
-2.514987464040009968e+02
-2.517832472483494257e+02
-2.520679089185001658e+02
-2.523527314144533022e+02
-2.526377147362087499e+02
-2.529228588837665370e+02
-2.532081638571266922e+02
-2.534936296562891869e+02
-2.115967721941977970e+02
-2.118350568475696321e+02
-2.120734755947250392e+02
-2.123120284356639900e+02
-2.125507153703864844e+02
-2.127895363988925510e+02
-2.130284915211821328e+02
-2.132675807372553152e+02
-2.135068040471120128e+02
-2.137461614507522825e+02
-2.139856529481760958e+02
-2.142252785393834245e+02
-2.144650382243743536e+02
-2.147049320031488264e+02
-2.149449598757068429e+02
-2.151851218420484031e+02
-2.154254179021735354e+02
-1.738177369590176511e+02
-1.740116217743651248e+02
-1.742056146637457061e+02
-1.743997156271593383e+02
-1.745939246646060496e+02
-1.747882417760858687e+02
-1.749826669615987669e+02
-1.751772002211447443e+02
-1.753718415547237726e+02
-1.755665909623359084e+02
-1.757614484439811235e+02
-1.759564139996594179e+02
-1.761514876293707914e+02
-1.763466693331152442e+02
-1.765419591108927762e+02
-1.767373569627033874e+02
-1.769328628885471062e+02
-1.240085665743207528e+02
-1.241455926147343547e+02
-1.242826943183398214e+02
-1.244198716851370961e+02
-1.245571247151262213e+02
-1.246944534083071687e+02
-1.248318577646799667e+02
-1.249693377842445869e+02
-1.251068934670010577e+02
-1.252445248129493507e+02
-1.253822318220894800e+02
-1.255200144944214458e+02
-1.256578728299452479e+02
-1.257958068286608864e+02
-1.259338164905683470e+02
-1.260719018156676725e+02
-1.262100628039588059e+02
-4.646170654175228520e+01
-4.651256774212640011e+01
-4.656345676591428173e+01
-4.661437361311593719e+01
-4.666531828373135937e+01
-4.671629077776056249e+01
-4.676729109520353234e+01
-4.681831923606027601e+01
-4.686937520033078641e+01
-4.692045898801507064e+01
-4.697157059911312871e+01
-4.702271003362495350e+01
-4.707387729155055212e+01
-4.712507237288992457e+01
-4.717629527764306374e+01
-4.722754600580997675e+01
-4.727882455739066359e+01
2.205144234441527473e+01
2.207535931008166585e+01
2.209928923887308017e+01
2.212323213078952122e+01
2.214718798583098192e+01
2.217115680399746580e+01
2.219513858528897288e+01
2.221913332970549959e+01
2.224314103724705305e+01
2.226716170791362615e+01
2.229119534170521888e+01
2.231524193862184191e+01
2.233930149866348103e+01
2.236337402183014333e+01
2.238745950812182883e+01
2.241155795753853752e+01
2.243566937008026940e+01
8.027854953253917358e+01
8.036482416932858541e+01
8.045114514050938226e+01
8.053751244608159254e+01
8.062392608604520206e+01
8.071038606040021079e+01
8.079689236914661876e+01
8.088344501228442596e+01
8.097004398981364659e+01
8.105668930173425224e+01
8.114338094804627133e+01
8.123011892874968964e+01
8.131690324384450719e+01
8.140373389333072396e+01
8.149061087720835417e+01
8.157753419547736939e+01
8.166450384813778385e+01
1.176573561923573408e+02
1.177826568911777514e+02
1.179080242747766505e+02
1.180334583431540807e+02
1.181589590963099994e+02
1.182845265342444492e+02
1.184101606569574017e+02
1.185358614644488569e+02
1.186616289567188289e+02
1.187874631337673179e+02
1.189133639955943096e+02
1.190393315421998182e+02
1.191653657735838294e+02
1.192914666897463576e+02
1.194176342906873884e+02
1.195438685764069220e+02
1.196701695469049724e+02
1.525458518031823303e+02
1.527068500636606245e+02
1.528679332388332455e+02
1.530291013287002500e+02
1.531903543332615811e+02
1.533516922525172390e+02
1.535131150864672804e+02
1.536746228351116486e+02
1.538362154984503434e+02
1.539978930764833933e+02
1.541596555692107984e+02
1.543215029766325301e+02
1.544834352987486170e+02
1.546454525355590590e+02
1.548075546870638277e+02
1.549697417532629515e+02
1.551320137341564305e+02
1.276890549458074133e+02
1.278226209028636902e+02
1.279562566800752563e+02
1.280899622774421118e+02
1.282237376949642567e+02
1.283575829326416624e+02
1.284914979904743575e+02
1.286254828684623419e+02
1.287595375666056157e+02
1.288936620849041503e+02
1.290278564233579743e+02
1.291621205819670877e+02
1.292964545607314903e+02
1.294308583596511539e+02
1.295653319787261353e+02
1.296998754179563775e+02
1.298344886773419091e+02
8.801350376570626111e+01
8.810475675042964383e+01
8.819605701649227569e+01
8.828740456389412827e+01
8.837879939263521578e+01
8.847024150271555243e+01
8.856173089413509558e+01
8.865326756689390209e+01
8.874485152099192931e+01
8.883648275642919145e+01
8.892816127320568853e+01
8.901988707132143475e+01
8.911166015077640168e+01
8.920348051157060354e+01
8.929534815370405454e+01
8.938726307717672626e+01
8.947922528198863290e+01
4.537958897119015944e+01
4.542622780877616862e+01
4.547289060056741761e+01
4.551957734656389221e+01
4.556628804676559952e+01
4.561302270117253954e+01
4.565978130978470517e+01
4.570656387260211773e+01
4.575337038962474878e+01
4.580020086085261255e+01
4.584705528628570903e+01
4.589393366592403822e+01
4.594083599976760013e+01
4.598776228781639475e+01
4.603471253007041497e+01
4.608168672652966791e+01
4.612868487719415356e+01
1.142347661908555878e+01
1.143511541339945126e+01
1.144676013377969603e+01
1.145841078022628956e+01
1.147006735273923717e+01
1.148172985131853352e+01
1.149339827596418218e+01
1.150507262667618313e+01
1.151675290345453462e+01
1.152843910629923663e+01
1.154013123521029094e+01
1.155182929018769755e+01
1.156353327123145291e+01
1.157524317834156058e+01
1.158695901151801877e+01
1.159868077076083104e+01
1.161040845606999206e+01
-6.060791571921262744e+01
-6.066913583610072180e+01
-6.073038685663186698e+01
-6.079166878080607006e+01
-6.085298160862331684e+01
-6.091432534008362154e+01
-6.097569997518697704e+01
-6.103710551393339045e+01
-6.109854195632286178e+01
-6.116000930235537680e+01
-6.122150755203094974e+01
-6.128303670534956638e+01
-6.134459676231125513e+01
-6.140618772291597338e+01
-6.146780958716376375e+01
-6.152946235505459782e+01
-6.159114602658848980e+01
-6.442159680484243722e+01
-6.448611517920883784e+01
-6.455066584505388505e+01
-6.461524880237760726e+01
-6.467986405117997606e+01
-6.474451159146101986e+01
-6.480919142322072446e+01
-6.487390354645908985e+01
-6.493864796117611604e+01
-6.500342466737180303e+01
-6.506823366504615080e+01
-6.513307495419915938e+01
-6.519794853483082875e+01
-6.526285440694117312e+01
-6.532779257053016408e+01
-6.539276302559781584e+01
-6.545776577214414260e+01
-1.160465796292095888e+02
-1.161618195295365012e+02
-1.162771166208809603e+02
-1.163924709032429377e+02
-1.165078823766224616e+02
-1.166233510410195180e+02
-1.167388768964340926e+02
-1.168544599428661996e+02
-1.169701001803158391e+02
-1.170857976087830252e+02
-1.172015522282677296e+02
-1.173173640387699805e+02
-1.174332330402897497e+02
-1.175491592328270514e+02
-1.176651426163818996e+02
-1.177811831909542661e+02
-1.178972809565441651e+02
-1.180134359131515964e+02
-1.181296480607765602e+02
-1.182459173994190422e+02
-1.183622439290790709e+02
-1.184786276497566462e+02
-1.185950685614517397e+02
-1.187115666641643514e+02
-1.188281219578945240e+02
-1.189447344426422006e+02
-1.190614041184074239e+02
-1.191781309851901653e+02
-1.192949150429904677e+02
-1.194117562918082882e+02
-1.195286547316436270e+02
-1.196456103624964982e+02
-1.197626231843669160e+02
-1.254013102341837111e+02
-1.255238322764252104e+02
-1.256464141438826516e+02
-1.257690558365560491e+02
-1.258917573544453603e+02
-1.260145186975506277e+02
-1.261373398658718230e+02
-1.262602208594089603e+02
-1.263831616781620397e+02
-1.265061623221310612e+02
-1.266292227913160104e+02
-1.267523430857169018e+02
-1.268755232053337352e+02
-1.269987631501664964e+02
-1.271220629202151997e+02
-1.272454225154798451e+02
-1.273688419359604325e+02
-1.274923211816569477e+02
-1.276158602525694050e+02
-1.277394591486978044e+02
-1.278631178700421458e+02
-1.279868364166024151e+02
-1.281106147883786264e+02
-1.282344529853707797e+02
-1.283583510075788752e+02
-1.284823088550028842e+02
-1.286063265276428638e+02
-1.287304040254987569e+02
-1.288545413485705922e+02
-1.289787384968583694e+02
-1.291029954703620888e+02
-1.292273122690817502e+02
-1.293516888930173252e+02
-8.981250225386645525e+01
-8.989886042911055597e+01
-8.998526010275698184e+01
-9.007170127480574706e+01
-9.015818394525683743e+01
-9.024470811411025295e+01
-9.033127378136599361e+01
-9.041788094702405942e+01
-9.050452961108445038e+01
-9.059121977354718069e+01
-9.067795143441223615e+01
-9.076472459367960255e+01
-9.085153925134932251e+01
-9.093839540742135341e+01
-9.102529306189572367e+01
-9.111223221477240486e+01
-9.119921286605143962e+01
-9.128623501573277110e+01
-9.137329866381645616e+01
-9.146040381030245214e+01
-9.154755045519078749e+01
-9.163473859848143377e+01
-9.172196824017443362e+01
-9.180923938026974440e+01
-9.189655201876738033e+01
-9.198390615566735562e+01
-9.207130179096965605e+01
-9.215873892467426742e+01
-9.224621755678123236e+01
-9.233373768729050823e+01
-9.242129931620210925e+01
-9.250890244351604963e+01
-9.259654706923231515e+01
-4.343184716312046589e+01
-4.347295634169417156e+01
-4.351408496642613954e+01
-4.355523303731638407e+01
-4.359640055436488382e+01
-4.363758751757165300e+01
-4.367879392693668450e+01
-4.372001978245998544e+01
-4.376126508414155580e+01
-4.380252983198138850e+01
-4.384381402597948352e+01
-4.388511766613584086e+01
-4.392644075245047475e+01
-4.396778328492337096e+01
-4.400914526355452949e+01
-4.405052668834395746e+01
-4.409192755929164775e+01
-4.413334787639760748e+01
-4.417478763966182953e+01
-4.421624684908431391e+01
-4.425772550466507482e+01
-4.429922360640409096e+01
-4.434074115430137653e+01
-4.438227814835692442e+01
-4.442383458857074174e+01
-4.446541047494282850e+01
-4.450700580747317758e+01
-4.454862058616178899e+01
-4.459025481100866983e+01
-4.463190848201382011e+01
-4.467358159917722560e+01
-4.471527416249890763e+01
-4.475698617197885198e+01
1.053941558653067467e+01
1.054923796825158000e+01
1.055906492490574955e+01
1.056889645649318510e+01
1.057873256301388487e+01
1.058857324446785242e+01
1.059841850085508419e+01
1.060826833217558196e+01
1.061812273842934395e+01
1.062798171961637195e+01
1.063784527573666594e+01
1.064771340679022416e+01
1.065758611277704837e+01
1.066746339369713859e+01
1.067734524955049480e+01
1.068723168033711524e+01
1.069712268605700167e+01
1.070701826671015411e+01
1.071691842229657077e+01
1.072682315281625343e+01
1.073673245826920208e+01
1.074664633865541497e+01
1.075656479397489385e+01
1.076648782422763695e+01
1.077641542941364783e+01
1.078634760953292293e+01
1.079628436458546403e+01
1.080622569457126936e+01
1.081617159949034068e+01
1.082612207934267978e+01
1.083607713412828133e+01
1.084603676384714888e+01
1.085600096849928242e+01
2.004993991545523713e+01
2.006834279743362615e+01
2.008675412110099501e+01
2.010517388645734727e+01
2.012360209350267937e+01
2.014203874223699131e+01
2.016048383266028665e+01
2.017893736477256184e+01
2.019739933857381686e+01
2.021586975406405529e+01
2.023434861124327355e+01
2.025283591011147166e+01
2.027133165066864962e+01
2.028983583291481096e+01
2.030834845684995216e+01
2.032686952247407319e+01
2.034539902978717762e+01
2.036393697878926190e+01
2.038248336948032602e+01
2.040103820186036998e+01
2.041960147592939734e+01
2.043817319168740809e+01
2.045675334913439514e+01
2.047534194827036558e+01
2.049393898909531231e+01
2.051254447160924599e+01
2.053115839581215951e+01
2.054978076170404933e+01
2.056841156928492609e+01
2.058705081855477914e+01
2.060569850951361559e+01
2.062435464216143188e+01
2.064301921649823157e+01
3.543777459794307561e+01
3.546981598546382486e+01
3.550187185169560422e+01
3.553394219663841369e+01
3.556602702029226748e+01
3.559812632265715138e+01
3.563024010373307249e+01
3.566236836352002371e+01
3.569451110201801214e+01
3.572666831922703778e+01
3.575884001514710064e+01
3.579102618977819361e+01
3.582322684312032379e+01
3.585544197517349119e+01
3.588767158593768869e+01
3.591991567541293051e+01
3.595217424359920244e+01
3.598444729049650448e+01
3.601673481610484373e+01
3.604903682042422730e+01
3.608135330345463387e+01
3.611368426519608477e+01
3.614602970564856577e+01
3.617838962481208398e+01
3.621076402268663230e+01
3.624315289927222494e+01
3.627555625456884059e+01
3.630797408857650055e+01
3.634040640129519772e+01
3.637285319272492501e+01
3.640531446286568240e+01
3.643779021171748411e+01
3.647028043928031593e+01
2.469984275534492113e+01
2.472184706960358014e+01
2.474386118097455523e+01
2.476588508945784284e+01
2.478791879505344298e+01
2.480996229776136275e+01
2.483201559758159505e+01
2.485407869451414342e+01
2.487615158855900432e+01
2.489823427971617775e+01
2.492032676798567081e+01
2.494242905336747640e+01
2.496454113586159806e+01
2.498666301546803226e+01
2.500879469218677897e+01
2.503093616601784532e+01
2.505308743696122420e+01
2.507524850501691560e+01
2.509741937018492663e+01
2.511960003246524664e+01
2.514179049185788273e+01
2.516399074836283489e+01
2.518620080198010314e+01
2.520842065270968391e+01
2.523065030055158076e+01
2.525288974550579013e+01
2.527513898757231203e+01
2.529739802675115357e+01
2.531966686304230763e+01
2.534194549644577776e+01
2.536423392696156043e+01
2.538653215458965917e+01
2.540884017933007044e+01
1.030179100137803694e+01
1.031083559400435590e+01
1.031988415529790970e+01
1.032893668525869657e+01
1.033799318388671828e+01
1.034705365118197484e+01
1.035611808714446447e+01
1.036518649177418716e+01
1.037425886507114470e+01
1.038333520703533708e+01
1.039241551766676253e+01
1.040149979696542282e+01
1.041058804493131618e+01
1.041968026156444438e+01
1.042877644686480565e+01
1.043787660083240176e+01
1.044698072346723094e+01
1.045608881476929497e+01
1.046520087473859206e+01
1.047431690337512578e+01
1.048343690067889078e+01
1.049256086664989240e+01
1.050168880128812532e+01
1.051082070459359308e+01
1.051995657656629568e+01
1.052909641720623135e+01
1.053824022651340009e+01
1.054738800448780367e+01
1.055653975112944210e+01
1.056569546643831536e+01
1.057485515041442170e+01
1.058401880305776110e+01
1.059318642436833535e+01
-4.105400987645815292e+00
-4.108953909314051245e+00
-4.112508367713111568e+00
-4.116064362842997149e+00
-4.119621894703708875e+00
-4.123180963295245860e+00
-4.126741568617607214e+00
-4.130303710670794715e+00
-4.133867389454807473e+00
-4.137432604969645489e+00
-4.140999357215308763e+00
-4.144567646191798183e+00
-4.148137471899111972e+00
-4.151708834337251908e+00
-4.155281733506217101e+00
-4.158856169406006664e+00
-4.162432142036622373e+00
-4.166009651398063340e+00
-4.169588697490330453e+00
-4.173169280313421936e+00
-4.176751399867338677e+00
-4.180335056152081563e+00
-4.183920249167648819e+00
-4.187506978914042222e+00
-4.191095245391260882e+00
-4.194685048599304800e+00
-4.198276388538173975e+00
-4.201869265207868409e+00
-4.205463678608388989e+00
-4.209059628739733938e+00
-4.212657115601905033e+00
-4.216256139194900499e+00
-4.219856699518722110e+00
-1.959049827051803661e+01
-1.960721371272837743e+01
-1.962393628305906290e+01
-1.964066598151009302e+01
-1.965740280808146778e+01
-1.967414676277319074e+01
-1.969089784558525835e+01
-1.970765605651767061e+01
-1.972442139557043106e+01
-1.974119386274353261e+01
-1.975797345803698235e+01
-1.977476018145078029e+01
-1.979155403298491933e+01
-1.980835501263940657e+01
-1.982516312041423845e+01
-1.984197835630941498e+01
-1.985880072032493970e+01
-1.987563021246080552e+01
-1.989246683271701954e+01
-1.990931058109358176e+01
-1.992616145759048507e+01
-1.994301946220773658e+01
-1.995988459494533274e+01
-1.997675685580327709e+01
-1.999363624478156254e+01
-2.001052276188019619e+01
-2.002741640709917448e+01
-2.004431718043849742e+01
-2.006122508189816855e+01
-2.007814011147818434e+01
-2.009506226917854477e+01
-2.011199155499924984e+01
-2.012892796894030312e+01
-1.755348844096105765e+01
-1.756825788853443271e+01
-1.758303354697727272e+01
-1.759781541628957058e+01
-1.761260349647132628e+01
-1.762739778752254338e+01
-1.764219828944321478e+01
-1.765700500223334757e+01
-1.767181792589293821e+01
-1.768663706042199024e+01
-1.770146240582050012e+01
-1.771629396208846785e+01
-1.773113172922589342e+01
-1.774597570723278039e+01
-1.776082589610912876e+01
-1.777568229585493143e+01
-1.779054490647019549e+01
-1.780541372795491739e+01
-1.782028876030909714e+01
-1.783517000353273829e+01
-1.785005745762583729e+01
-1.786495112258839768e+01
-1.787985099842041237e+01
-1.789475708512188845e+01
-1.790966938269282238e+01
-1.792458789113321771e+01
-1.793951261044307088e+01
-1.795444354062238190e+01
-1.796938068167115077e+01
-1.798432403358938458e+01
-1.799927359637707269e+01
-1.801422937003421865e+01
-1.802919135456082600e+01
-1.518757162065870681e+01
-1.520017541453477072e+01
-1.521278443603168995e+01
-1.522539868514946093e+01
-1.523801816188808544e+01
-1.525064286624756171e+01
-1.526327279822789151e+01
-1.527590795782907129e+01
-1.528854834505110638e+01
-1.530119395989399500e+01
-1.531384480235773538e+01
-1.532650087244232751e+01
-1.533916217014777494e+01
-1.535182869547407236e+01
-1.536450044842122509e+01
-1.537717742898922957e+01
-1.538985963717808580e+01
-1.540254707298779557e+01
-1.541523973641835887e+01
-1.542793762746977393e+01
-1.544064074614204252e+01
-1.545334909243516286e+01
-1.546606266634913673e+01
-1.547878146788396414e+01
-1.549150549703964330e+01
-1.550423475381617600e+01
-1.551696923821356044e+01
-1.552970895023179843e+01
-1.554245388987088816e+01
-1.555520405713083321e+01
-1.556795945201162823e+01
-1.558072007451327678e+01
-1.559348592463577710e+01
-8.182057059639419094e+00
-8.188755428087752364e+00
-8.195456537276038844e+00
-8.202160387204282088e+00
-8.208866977872478543e+00
-8.215576309280628209e+00
-8.222288381428734638e+00
-8.229003194316792502e+00
-8.235720747944807130e+00
-8.242441042312774968e+00
-8.249164077420697794e+00
-8.255889853268573830e+00
-8.262618369856404854e+00
-8.269349627184190865e+00
-8.276083625251930087e+00
-8.282820364059624296e+00
-8.289559843607271716e+00
-8.296302063894874124e+00
-8.303047024922431518e+00
-8.309794726689942124e+00
-8.316545169197407716e+00
-8.323298352444828296e+00
-8.330054276432202087e+00
-8.336812941159529089e+00
-8.343574346626812854e+00
-8.350338492834049831e+00
-8.357105379781241794e+00
-8.363875007468386968e+00
-8.370647375895487130e+00
-8.377422485062540503e+00
-8.384200334969548862e+00
-8.390980925616512209e+00
-8.397764257003428767e+00
-8.124649272725866567e+00
-8.131211994270879373e+00
-8.137777365279575292e+00
-8.144345385751956101e+00
-8.150916055688020023e+00
-8.157489375087768835e+00
-8.164065343951200759e+00
-8.170643962278317574e+00
-8.177225230069117501e+00
-8.183809147323600541e+00
-8.190395714041768471e+00
-8.196984930223621291e+00
-8.203576795869157223e+00
-8.210171310978376269e+00
-8.216768475551280204e+00
-8.223368289587867253e+00
-8.229970753088137414e+00
-8.236575866052094241e+00
-8.243183628479732405e+00
-8.249794040371055459e+00
-8.256407101726063402e+00
-8.263022812544752682e+00
-8.269641172827128628e+00
-8.276262182573185910e+00
-8.282885841782929859e+00
-8.289512150456355144e+00
-8.296141108593465319e+00
-8.302772716194260383e+00
-8.309406973258738560e+00
-8.316043879786899851e+00
-8.322683435778746031e+00
-8.329325641234275324e+00
-8.335970496153489506e+00
