5.694763634689406755e-04
-1.456903765584899356e-03
1.969480224829294954e-03
4.034518919314602700e-03
7.998290642541839093e-03
1.053454009451092015e-02
1.926937811912282639e-02
2.229470579020626994e-02
3.603183804917264171e-02
5.094112681035268403e-02
7.877428995193982986e-02
8.691322077021557124e-02
8.801892392346971628e-02
1.178691843710944348e-01
1.060107355721984917e-01
1.402724956063315098e-01
2.837796557959465504e-01
3.204861490252078893e-01
4.181294854406620853e-01
4.450225215236120468e-01
5.076642144371423804e-01
5.972755438482501011e-01
5.830744138477488292e-01
5.996143834621162627e-01
5.823134187218993452e-01
6.748098044156746189e-01
8.327016497430617115e-01
1.038692862556235941e+00
1.368679715746011993e+00
1.712706279544327526e+00
2.256666010746959383e+00
2.395957249285237012e+00
3.146995119787463047e+00
3.402174525327601895e+00
3.589866266692521179e+00
3.650483763015922367e+00
3.849580774602086919e+00
3.363490978994820857e+00
2.816580463870493212e+00
1.784468708340887666e+00
1.156775703831686597e+00
-9.204967698364479034e-01
-3.936672723012975439e+00
-7.792660387248527165e+00
-1.165427234974676551e+01
-1.535288310577616144e+01
-2.042004412679206382e+01
-2.600569062449676139e+01
-3.145286348395216791e+01
-4.049060345357391100e+01
-4.743589503839209698e+01
-4.583632912608279497e+01
-4.516265578371299938e+01
-5.118825039023919032e+01
-6.319355453643895970e+01
-7.807699802197501526e+01
-6.755446465279516133e+01
-4.738919790634421503e+01
-5.081398733822774005e+01
-8.039535875910246432e+01
-8.636972677623268169e+01
-6.326025484658374864e+01
-4.312911138111144282e+01
-6.066593239635868429e+01
-8.825482599285227536e+01
-8.996587621975866966e+01
-8.137710581700225987e+01
-6.632790484312866397e+01
-6.322982614851627403e+01
-8.449068610836442872e+01
-1.259437990360318338e+02
-1.420268644247935583e+02
-8.369392077625353465e+01
-5.082010318919545711e+01
-1.240921706646565497e+02
-2.064230759452086943e+02
-1.744676889299377365e+02
-4.073137187499208522e+01
-4.977601064148220189e+01
-1.823281318103061324e+02
-2.474300913590610094e+02
-9.398962683041170862e+01
2.249004956151232548e+01
-4.569292917622582451e+01
-1.702134852559999558e+02
-1.527258915439134057e+02
-2.313786058893896680e+01
4.730417755299623650e+01
2.933257344953837276e+01
-3.442853337371388278e+01
-9.713152526122593144e+01
-2.718180899526402072e+01
9.199451387836579386e+01
1.156642843762494550e+02
-3.685803819238388712e+01
-1.428488668555363290e+02
-4.328317910454942563e+01
8.265044285925107204e+01
7.423849372416663073e+01
-5.542124404253751635e+01
-1.197532071851526325e+02
-1.358603503396826966e+02
-4.040222575838184582e+01
7.549401319365523477e+01
3.972643616653152776e+01
-2.759854897325790830e+02
-4.965052959516372653e+02
-1.368846492832034869e+02
2.661627740088285350e+02
-1.173345565959746182e+02
-8.795670371654883866e+02
-8.972377994766509346e+02
-2.333857996320171324e+01
1.911124318643315689e+02
-7.072895246465068340e+02
-1.398211332535791598e+03
-8.791676700420608768e+02
-7.317166913852973664e+01
-9.730765818769688735e+01
-6.112352389131146992e+02
-1.034148355104759730e+03
-9.128044116677402826e+02
-2.616806869873600476e+02
2.110285238578925657e+02
-2.124824584296797809e+02
-1.086466507502680770e+03
-1.131675761958763587e+03
-1.470846911432379613e+02
4.025652561704266645e+02
-3.897024899720901772e+02
-1.238387772891816212e+03
-8.691974855815599312e+02
2.509511791452524321e+01
8.230997761094403131e+01
-5.292309449926482330e+02
-9.386382843470522630e+02
-7.948832118315585831e+02
-3.657706399075442505e+02
6.053171343947924754e+01
-8.215210677893483648e+01
-1.048175098470617968e+03
-1.553570748754703573e+03
-5.737497838263230960e+02
6.295364776929939126e+02
-1.431507414736228441e+02
-2.130085077427489523e+03
-2.157904387996703008e+03
-3.432088754012004301e+02
5.810975038837269722e+02
-8.517297825248804202e+02
-2.088891034875636251e+03
-1.426269626743163371e+03
-5.601523004363488489e+00
5.271310021993866712e+02
2.080565798759930090e+02
-4.157974218363719956e+02
-6.881878234091944933e+02
1.945782759508922197e+02
1.442066352850760723e+03
1.156955755174945352e+03
-8.578072004116009452e+01
-6.272563753792691159e+02
6.720620936617016241e+02
1.731022477263356222e+03
9.190178716859245469e+02
-3.085355529568457200e+02
-2.603994942046394385e+02
9.236419644197054595e+02
1.349018820895476892e+03
8.060924900495797374e+02
1.978729665413327723e+02
1.099011643184614968e+02
2.015678061949508901e+03
2.275177920774646282e+03
-4.497905560206585278e+02
3.300472791393940497e+03
-1.031812028613993334e+03
-4.519374652773701655e+02
2.357642483342925175e+02
-2.889586784734245612e+03
-3.853869949604606404e+02
-1.325410315344278445e+02
-4.086982720874445363e+02
2.840958655684168207e+03
1.683099836048405223e+03
2.303877575181948941e+03
2.734416747101166948e+03
1.211581354056392684e+03
2.128224054740830979e+03
1.488627904305620177e+03
1.353981852205209861e+03
1.446249999770049271e+03
9.931953987275376221e+02
8.050326959902770341e+02
6.522350915097530333e+02
2.587195699945664629e+01
3.987969428931921243e+02
4.883803959810878155e+02
7.547580455318229724e+02
1.033781515951235406e+03
1.432595094547616782e+03
1.158377644202133069e+03
2.446352551945634787e+03
1.764245640588851529e+03
1.563738766892788590e+03
1.733507808214052829e+03
5.286956159457582771e+02
-1.077549036289373134e+03
-1.782922287134466160e+03
-1.246968760558405620e+03
-7.274899755852156886e+02
-5.078175430837262638e+02
-1.074554820854538775e+03
-1.752706152736621334e+03
-1.201176430729069125e+03
-5.815284954319004100e+02
-2.503592519151233091e+02
4.902596927978990216e-02
-5.867410237026587927e-01
-7.775786103523102399e-01
2.373850329026706008e-01
-4.499793133727317263e-01
-1.400178508510891762e+00
-1.989496196721896482e+00
-9.353114121760481847e-01
-4.828919884940183760e-01
-1.920515178931704869e-01
-7.163304713203253460e-01
6.307673412697556437e-01
-1.162913328663912838e+00
3.148730530982246090e-01
-9.156916195621620513e-01
-8.923504495978925588e-01
1.606169175346821021e+00
3.095687618344167280e+00
-1.026185857595015127e+00
-2.072458445910780878e+00
-1.398082634620300979e+01
-2.180082467005628999e+01
-3.162465030339640393e+01
-4.488689539381113036e+01
-4.932140153469880772e+01
-6.717194160410177517e+01
-6.751208382109602724e+01
-8.237261842052731708e+01
-8.932883835059544708e+01
-7.709112690065266804e+01
-6.221323583701829563e+01
-4.664181414464160014e+01
-4.813229656807989976e+00
3.343047436158799712e+01
7.115821274945447783e+01
1.343591805281763811e+02
1.937647848097910810e+02
2.384136176428055762e+02
2.933349744090231752e+02
3.621569498312216524e+02
4.206181779512126582e+02
4.855234706675377083e+02
5.335789809464667997e+02
5.585265704466970647e+02
5.342904739372809217e+02
4.827670740673254954e+02
4.461047250714911456e+02
4.525769468071713391e+02
5.333122616747838265e+02
5.471039806006240269e+02
3.745113852045783460e+02
1.708546558568917533e+02
1.318035235720692810e+02
3.049960943368436119e+02
3.222336459256726471e+02
1.653314359845912804e+02
-1.073710193480056176e+02
-7.633780571354613187e+01
1.920592940326985740e+02
4.477997034060291526e+02
4.636693689638013893e+02
-1.968039268576784195e+01
-3.684319357878885057e+02
2.681699039870747470e+02
1.021418967024740255e+03
8.466674274294039151e+02
-3.235428854268513987e+02
-4.390565791032734637e+02
4.174276665863891367e+02
1.116130004448963291e+03
4.648215686809103886e+02
-3.531391108929203142e+02
-2.892191600215477933e+02
2.720698772674293195e+02
6.483795567566739919e+02
4.742994806912130343e+02
-1.804906526943776157e+02
-7.225974286614788298e+02
-5.656832876026362555e+02
7.487824201988032655e+02
9.139388835185571907e+02
-4.706759538825978098e+02
-1.629309611755986225e+03
-1.984840949218717014e+02
1.720123483811387587e+03
1.224836238237058069e+03
-5.426801577189816044e+02
-8.372925554721771277e+02
1.014314854162527013e+03
2.025573050724223549e+03
1.570446467278145747e+03
6.659404520291714107e+02
9.365897698844773345e+01
6.893433699408641360e+02
2.081219878428270931e+03
2.673229558337447543e+03
1.300943764242657608e+03
-6.756728450013325755e+02
5.119731026267681386e+02
3.108692643272660007e+03
3.399230637124487203e+03
4.251674028250977244e+02
-9.624685271165964195e+02
1.432687000830957686e+03
3.911151644619308627e+03
2.756086592089304304e+03
1.441710054096181750e+02
-8.103307385627255144e+01
1.599862052322997897e+03
2.948103982924512366e+03
3.147969440512429628e+03
1.542337461049871990e+03
-6.185947813559705537e+02
-5.857034020445405531e+02
2.432409640126640170e+03
3.830681228655977975e+03
9.227342262979743737e+02
-1.941754982254402421e+03
-4.085804367530982972e+02
3.137420776919060245e+03
3.098423668716851807e+03
2.844966328225108327e+02
-1.107366513102594354e+03
3.923562742809705242e+02
2.109320804461483931e+03
2.420010145510894290e+03
1.301349946183793236e+03
-4.961715525777237445e+01
4.785400009165952895e+01
1.917929819279369212e+03
3.266415543502338551e+03
1.849149873752011672e+03
-4.931823881944969230e+02
-1.181980381271508236e+02
2.893865990681565108e+03
3.585306497951119127e+03
7.923717610134882534e+02
-1.020471913425851881e+03
8.538107551562920889e+02
3.014554468436027037e+03
2.554599275012154521e+03
6.989729683458275531e+02
-2.139888257132691081e+02
4.560574669313430149e+02
1.618976832780197810e+03
2.320458169125498443e+03
1.632585471596821662e+03
-5.829011615859741369e+02
-1.005283774273781887e+03
1.030816338372655764e+03
2.748425181109515052e+03
1.061577440824530868e+03
-9.455035652220793736e+02
-2.417297898083001257e+02
1.662778006093071326e+03
2.318991320003732199e+03
9.761445188753293678e+02
3.035695775597591819e+02
7.336996542173360467e+02
1.453129339398662069e+03
1.979745114555242708e+03
1.768236496158128830e+03
8.244454556296138890e+02
5.137658804830980444e+02
1.412644801660071153e+03
2.283986027340189139e+03
1.668963681015979773e+03
8.262853131437060483e+02
5.054992213679171300e+02
1.760218449809050981e+03
3.562608266155131332e+03
1.312543789145066285e+03
3.356384794577786124e+03
2.255332087719220908e+03
1.553202657089435661e+03
2.240179743039640016e+03
1.087948944780206830e+03
8.699136122690729280e+02
1.216901094817663534e+03
-4.865182507985500138e+01
1.193637793991784065e+03
3.828602682566237831e+02
5.917773749006770458e+02
1.003073182484410495e+03
8.163489757803910152e+02
8.506211849133959504e+02
9.078291632040493369e+02
8.667196648137449984e+02
1.109377088263861651e+03
7.678119102429876648e+02
6.377891307419571376e+02
5.767397396110245609e+02
5.817869794472966305e+02
2.711189760294872713e+02
5.005262578126682342e+02
2.807810103505794359e+02
-8.352554448461066983e+00
2.978479469291730553e+01
1.022386191004611220e+02
-7.903840044813327914e+00
1.216778847168061972e+01
-9.329427143451295423e-01
2.118336128685831543e+00
1.672901875655959714e+01
-2.264210225025388112e+01
-1.284903169119711919e+01
-2.088484207476599508e+01
-2.518175165544791838e+01
-2.175842793443669621e+01
-8.051142975212725261e+00
1.383166362983447151e+01
2.904217041195178695e+01
-1.757800742190984700e+00
6.268725096946619502e+00
3.132130592986076323e+01
6.173337120580328730e+01
8.269345619387054569e+01
1.242051536401620524e+02
9.250105316484315665e+01
1.274214370299655457e+02
1.829955844808592857e+01
-1.527724170888695880e+02
-2.445044098102068233e+02
-1.645287617414728345e+02
-6.499207036494324257e+02
-7.953125753764078354e+02
-1.025070626966012696e+03
-1.302457688541841208e+03
-1.696687504552025757e+03
-2.239146717789449667e+03
-2.671039261873322175e+03
-3.143457622695735608e+03
-3.449544045401719814e+03
-3.722657321061923994e+03
-3.884493274623014713e+03
-4.106424521891799486e+03
-4.102669809215741225e+03
-4.075528743980710715e+03
-3.990649694167760572e+03
-4.073894279539047602e+03
-3.934323970898567040e+03
-3.666458281045375770e+03
-3.411404956950041651e+03
-2.881185931095847081e+03
-2.501348090377843619e+03
-2.139151996938807315e+03
-1.997385302336357881e+03
-2.017616846826453411e+03
-2.002798950721739402e+03
-2.172360198099734589e+03
-2.350422742040168941e+03
-1.951373052026993719e+03
-1.141931663652171210e+03
-2.037832293116315896e+03
-3.447293207928895299e+03
-4.034871223658790313e+03
-1.270098624883304637e+03
-2.854709098625733077e+02
-4.103359802492171184e+03
-7.484172325480913969e+03
-5.180767853598607871e+03
-1.417159692551996102e+02
-8.593290821173768563e+02
-5.113298769732328765e+03
-7.026351354278726831e+03
-3.885339230009994935e+03
-1.430965001802045663e+03
-1.884703575238603207e+03
-3.675863068299246606e+03
-5.451874765891195239e+03
-5.009777579888721448e+03
-2.595554145248300301e+03
-1.305471887190282587e+03
-2.601098066038186062e+03
-5.824389190033556588e+03
-4.994850613858975521e+03
-2.672963077858197266e+03
-1.668404770566485922e+03
-3.453874150902796373e+03
-4.993476804559329139e+03
-5.536836432196907481e+03
-5.209009044528292179e+03
-2.429478524181559351e+03
-1.249332387476591293e+03
-4.161002883686722271e+03
-7.537714964419817079e+03
-5.286637890128477920e+03
1.341398823020013879e+03
5.925451806188071942e+02
-5.027579472124186395e+03
-7.765324616892679842e+03
-1.353200580330314096e+03
3.057935059013862428e+03
-5.728777256322609901e+02
-6.165199429584030440e+03
-4.758568838215124742e+03
8.301191154451194052e+02
1.644228723010097838e+03
-1.790755731782834346e+03
-4.730842426173394415e+03
-2.956198620813916932e+03
-3.797186618654959034e+02
3.345803120761054288e+02
-1.224503675307644244e+03
-3.355674083117200553e+03
-4.033076507949766892e+03
-1.344430634083801124e+03
9.508564849342993739e+02
-4.422884456223535494e+02
-3.885479235010522189e+03
-3.646902830501392145e+03
-8.588279162904374289e+02
3.248927409183755799e+02
-8.392619610410813493e+02
-1.812090563628653626e+03
-1.815463868705390269e+03
-1.560838587844333915e+03
-4.988842123901192167e+02
1.533055123303538494e+02
-6.447375711344542424e+02
-2.168387212021599680e+03
-1.783587295669494097e+03
5.069680776007735972e+02
8.674198335655006531e+02
-9.881235459600696913e+02
-1.868551307249286310e+03
-7.996096302152230919e+02
7.063825685813187647e+02
4.622520699031650793e+02
-9.259108011276501884e+02
-1.216852568370007020e+03
-1.974409844950894524e+02
4.962705245800378862e+02
1.754097269597409436e+01
-5.241926372924489215e+02
-6.121765641211832190e+02
-1.778714856685839436e+02
3.081199023877426271e+02
4.324953940187088506e+02
-2.917707752482714909e+02
-6.905695567915424817e+02
-3.082455525905006652e+02
3.309057269826833476e+02
2.218025542870571201e+02
-2.944664752926690880e+02
-6.250303753112866616e+02
-3.372181404110031053e+02
-6.561002546470224672e+01
3.782758718948022736e+00
-2.435632118305498750e+02
-4.090556075518298371e+02
-3.715125141188525504e+02
-9.636165096503717109e+01
-6.870987052484504432e+01
2.839156950062528395e+01
-4.430863827672417301e+02
-2.553267398904143874e+02
-7.718623405631419132e+01
1.659021364668667218e+02
-1.656572255504033535e+02
-2.817265734029741111e+02
-1.089433043510558008e+02
5.073482721809521934e+01
1.697279785412013666e+02
-6.332194394366394619e+01
-1.784433818126854021e+02
-5.104037007906730139e+01
8.668215843091435602e+01
1.528647687835134832e+02
-4.342111925559137831e+01
6.245737204224303341e+00
1.110345651063101542e+02
-1.055348632517766561e+02
9.974896469022665713e+01
1.672709949544560004e+02
-7.209886844534181272e+00
-8.841986489265844185e+00
-1.026450355815852902e+02
-1.130721737548301462e+02
6.300752833043100054e+01
-3.014844916424781829e+01
4.728945943236173122e+01
-8.320504556939725660e+01
4.149991504417043586e+01
3.423310121731460498e+01
4.374890279925069514e+00
6.948595333963304199e+01
5.499514863223480265e-01
1.281194966753330959e+02
-1.477170809706054122e+01
2.954523414202466469e+01
6.043679166617011589e+01
1.045205007900331253e+02
3.050710843490302437e+01
-2.474621466327322850e+01
-4.579583170909523915e+01
8.491023865343150234e+00
-4.582105788568439664e+01
