-9.480133441891197207e-03
-5.449100332918791617e-02
-1.899686243755005846e-02
-3.825748114436641062e-02
-5.786090969714504512e-02
-9.755243042979522272e-02
-1.343300764297938321e-01
-1.932134918111206578e-01
-2.531395720286858109e-01
-3.233697104923021759e-01
-4.041351540095049488e-01
-4.941240064095370199e-01
-5.610849960255177571e-01
-6.623667301777368399e-01
-7.731497302498511193e-01
-8.827710050815431586e-01
-1.809118253896345285e+00
-2.192774542912171221e+00
-2.550826338872637766e+00
-2.925965729074871735e+00
-3.383896450302578351e+00
-3.768074068878386473e+00
-4.169665973569608219e+00
-4.506855070602168389e+00
-4.939869171406119364e+00
-5.497360269490434881e+00
-6.075481428691931640e+00
-6.667925589153434807e+00
-7.347437922797923626e+00
-8.108710662997891561e+00
-9.327562499312008981e+00
-1.018792219367631979e+01
-1.161355220803683430e+01
-1.274482385081140734e+01
-1.470325826693995985e+01
-1.623640947187089267e+01
-1.799922103136650264e+01
-2.083423071017000439e+01
-2.270813635907271788e+01
-2.643447694681293925e+01
-3.050031871494409685e+01
-3.548608587616644883e+01
-3.919839387674413445e+01
-4.333915373971093032e+01
-4.776716034927726184e+01
-4.908822130634597158e+01
-5.083075038679492508e+01
-4.928178517298027828e+01
-4.943238573046043882e+01
-4.861827833877508453e+01
-4.742403504907060352e+01
-4.801829331547531865e+01
-4.398240246171983614e+01
-4.456937169682297650e+01
-4.537817024800798293e+01
-5.131638439940862639e+01
-5.404877720020472509e+01
-5.833935703260654293e+01
-6.006771178122422583e+01
-7.170008304687667078e+01
-7.505176586205553235e+01
-7.255658867546016211e+01
-6.561341943956976763e+01
-6.906139564659312668e+01
-7.622256700100589910e+01
-7.631436915875724480e+01
-7.549641915264287206e+01
-7.545661947526548374e+01
-7.400243179375152636e+01
-7.806473299468623850e+01
-7.825875655193674163e+01
-7.817962755450287204e+01
-6.588087075565556461e+01
-4.722067411109380686e+01
-5.074012271449148415e+01
-4.682163736259588660e+01
-1.815532470289892331e+01
1.973990341677225402e+01
3.200810254420638756e+01
2.620708395547485381e+01
2.740017515484307964e+01
4.763228725520263396e+01
6.298260809831742080e+01
7.097786167513902456e+01
4.398387988794078751e+01
3.291750827218916697e+01
2.010858747725899320e+01
1.759145783118852790e+01
1.757355153540362025e+01
-1.161330575225455597e+01
-4.359266183097254554e+01
-5.939696279931084888e+01
-4.661664474654692469e+01
-4.123462338705433439e+01
-7.971717647909586901e+01
-1.097602167231478489e+02
-1.065132882245242030e+02
-8.775748138601706216e+01
-9.416358138943819256e+01
-1.206610845257477536e+02
-1.273977262448896397e+02
-1.418168650550977361e+02
-1.113434406595388850e+02
-9.040937048632991946e+01
-9.649527604001900727e+01
-1.229710365640733585e+02
-1.343987994467998988e+02
-3.468993706831214041e+01
8.828111705994726321e+01
7.407739947176875717e+01
1.491634686265892284e+01
1.006769418145474759e+02
3.298675527684358713e+02
4.471938369667481084e+02
3.222275362699484731e+02
2.327053226793251213e+02
3.049538765757541228e+02
4.151939602006208929e+02
3.779736373875478535e+02
2.423630242582081564e+02
8.099488858790932966e+01
-1.609575601560353775e+01
-2.742401790138863049e+01
4.045619467274947567e+01
-1.037624119925080919e+02
-3.002522974562072022e+02
-4.184316501706747999e+02
-2.782875875026429640e+02
-2.578527752598324128e+02
-4.068549622392381480e+02
-5.941130889523226415e+02
-5.109849558967288772e+02
-3.276464924327677295e+02
-3.206681684717528924e+02
-3.872719551120256369e+02
-3.799110389907294802e+02
-2.963154497925377200e+02
-1.384422646567920481e+02
-2.151485997895169755e-01
6.492921724126198058e+01
9.570080435364087634e+01
1.961472871283924349e+02
5.457765401614664142e+02
9.322922742018366762e+02
1.092040640403574798e+03
9.773698866874806299e+02
1.141325503319241534e+03
1.546906237867762457e+03
1.752827392500933001e+03
1.563584336415822918e+03
1.291269204063107964e+03
1.278516011431709103e+03
1.284963425074786073e+03
1.233793215134403226e+03
9.681753913871735904e+02
6.188221450415768459e+02
3.809243560076569111e+02
2.138893268949791775e+02
2.356675275167165751e+02
5.545672964718268361e+01
-3.561010659319714478e+02
-5.872953278653640155e+02
-5.353128744084337995e+02
-3.876200949357552190e+02
-6.804920692806233546e+02
-9.015234450594685995e+02
-1.000564106627829801e+03
-8.169258973939880661e+02
-7.391624296723616681e+02
-7.542580989246561103e+02
-7.525811534479557849e+02
-6.713825752098191515e+02
-2.026641782716433511e+02
9.162989737934650520e+02
2.076629282874971977e+03
3.858351841469172541e+03
4.358899353794511626e+03
4.766640242372757712e+03
4.646422302014173511e+03
3.594498931049775365e+03
2.519854382776416060e+03
9.162135704407363619e+02
-1.133081499921541763e+03
-2.016582682650063362e+03
-3.459273047909954130e+03
-4.065896129758633833e+03
-4.283189321153075980e+03
-4.263081330605034964e+03
-3.624113929301427106e+03
-2.978193716022546141e+03
-2.125854341560995636e+03
-7.984145646657098041e+02
3.749410875784394079e+02
1.372117932985621337e+03
2.012788803929895266e+03
2.610994036839787441e+03
2.186733722612606925e+03
1.508513102460420669e+03
7.796148739809970039e+02
1.991260526264181863e+02
-1.033329000110820289e+03
-1.099133259603250508e+03
-3.879807099630068024e+03
-4.194102861294515606e+03
-3.004565287140019791e+03
-1.453555360887098232e+03
3.514056421839891300e+02
6.695203898571264745e+02
1.184711638388179381e+03
8.264543866210210581e+02
3.457474756678185486e+02
-1.357457393633859510e+02
-6.532276174996072768e+02
-5.857113935104245002e+02
-5.066762252986737849e+02
-2.729273986965729364e+02
-2.709735525802043981e+02
