-7.840876695948292147e-03
-4.518671328388188663e-02
-1.799833036081875323e-02
-3.317507782464389210e-02
-5.288267680747876093e-02
-8.544907131269674494e-02
-1.209055374905340374e-01
-1.645136361132630842e-01
-2.042073686333820415e-01
-2.514808089575328309e-01
-3.155041063043498295e-01
-3.757259357843778513e-01
-4.217520475270899460e-01
-5.170824729106230366e-01
-6.149290002421968770e-01
-6.923902789689563297e-01
-1.529944615654292628e+00
-1.903953116694333536e+00
-2.314184681221439721e+00
-2.744327530847304963e+00
-3.289892710182587887e+00
-3.745269041569039725e+00
-4.197922921757903048e+00
-4.554754077576721905e+00
-4.820748694521982181e+00
-5.187322659494999044e+00
-5.541331075072440271e+00
-5.844987887816539995e+00
-6.255775992151732190e+00
-6.523330175172895373e+00
-7.229871711494318731e+00
-7.736219814198718403e+00
-8.465070727929758121e+00
-9.224094108943596382e+00
-1.073716598646500309e+01
-1.149950092706488292e+01
-1.281100210411117679e+01
-1.523224869080519284e+01
-1.628733754925561783e+01
-1.918064352506668513e+01
-2.083366459771515622e+01
-2.571097997166712190e+01
-2.773135602017261192e+01
-3.162561377044832156e+01
-3.404488126301383488e+01
-3.552443659503747142e+01
-3.797040200796887177e+01
-3.741045572793673557e+01
-3.948720433568610844e+01
-4.056226340971093691e+01
-3.991831874538973324e+01
-4.267448395888538215e+01
-3.734535903953060654e+01
-3.741265141001800032e+01
-3.519809089690610904e+01
-3.556234171446371306e+01
-3.654751001446511793e+01
-3.940640301515652766e+01
-4.095654973647926766e+01
-5.209036056120717717e+01
-5.552970622383999455e+01
-5.475848264270947396e+01
-5.221254167283828451e+01
-5.823805884915176279e+01
-6.448712889774158441e+01
-6.249767252526946493e+01
-6.201112237333259714e+01
-6.125491421186308827e+01
-5.611403900851793480e+01
-5.737874763594693661e+01
-5.420693334331023294e+01
-5.875889313760983157e+01
-4.722430457641520007e+01
-3.096629380592706227e+01
-3.593066000272440874e+01
-4.029877223559982014e+01
-2.022612634403527565e+01
-2.205928906552133917e+00
5.154602483338980967e+00
-4.350458464690337479e+00
-4.143266219815436635e+00
1.894941170862131941e+01
3.600087092108740450e+01
3.592009569775573397e+01
1.152863542729950908e+01
1.320986945296060355e+01
2.632318662407835674e+01
1.379875576156940475e+01
-3.930717329076923949e+00
-3.362711778416812081e+01
-4.950734775407003951e+01
-5.688959611165592634e+01
-5.617597880767948482e+01
-5.882762275780672923e+01
-9.067804262473349297e+01
-1.105573363188952953e+02
-1.041024639323573098e+02
-9.262549261789899901e+01
-9.521980787046372541e+01
-1.139310290178854643e+02
-1.114638438877130966e+02
-1.260587387736099600e+02
-9.778059615144469774e+01
-7.038011457996329057e+01
-6.138704897033100849e+01
-8.464903610112808963e+01
-1.095686777919455608e+02
-2.171636591633695446e+01
6.843386846644266086e+01
6.268177097025915145e+01
-1.821560950115928001e+00
7.343893061191778315e+01
2.269952451617625684e+02
3.230251585571240298e+02
2.295445117667800048e+02
1.830774846985829640e+02
2.737448482163874246e+02
3.567096048847423617e+02
3.388661318569230616e+02
2.251862353770411005e+02
1.260536503357008371e+02
1.076479477166356133e+02
7.762718618524596081e+01
1.002978799916673722e+02
-5.671264048801665325e+01
-1.984712523959460952e+02
-2.871240892223454466e+02
-2.080383885506058164e+02
-2.330281713310837688e+02
-3.433829092901997910e+02
-4.957363323787116087e+02
-4.661252420632106350e+02
-3.146393253328608921e+02
-3.312130693437315472e+02
-3.785681172862913400e+02
-3.729855216433625742e+02
-3.060710350692343127e+02
-1.957682356241613491e+02
-9.660050278666398071e+01
-3.295947603086598576e+01
-3.442285073758216463e+00
6.773170099408304168e+01
3.536454622930245932e+02
6.423650359304834865e+02
7.803639485800806597e+02
7.267707250408998334e+02
8.976878809407915014e+02
1.202434224783605259e+03
1.376959700850582749e+03
1.324024608387599528e+03
1.142627490720336027e+03
1.167244247971623054e+03
1.194021270741630588e+03
1.155118369021969102e+03
9.504243584505138642e+02
6.428106101334494724e+02
4.831667119252976477e+02
3.673914609843054677e+02
2.969611138147509450e+02
1.491784143045489941e+02
-2.277193358781993879e+02
-4.439930132468230681e+02
-4.536164189656307713e+02
-3.373903828774279532e+02
-6.329491934855774389e+02
-8.364421611846480573e+02
-9.113065169501118135e+02
-8.270956838951490226e+02
-8.261080420009820955e+02
-8.107005895114571103e+02
-8.504849107649326925e+02
-8.364739818662998232e+02
-7.940005838299537118e+02
5.962384638041885410e+01
9.840031387671381253e+02
2.447468478220174347e+03
3.030077726888169309e+03
3.712079129975587421e+03
3.793961459847130300e+03
3.315787719309651038e+03
2.440041872728075759e+03
1.283297286035155821e+03
-3.917323863668739818e+02
-1.062665999713634164e+03
-2.359934860955295790e+03
-3.078088229468261488e+03
-3.441651674501068555e+03
-3.625577407948700966e+03
-3.072094194957014679e+03
-2.783129459177622721e+03
-2.026723313071503753e+03
-9.603376922126668660e+02
-6.250434553292630113e+01
7.971589029561756661e+02
1.663472209232541672e+03
2.196098346977456004e+03
2.057367563957519451e+03
1.508169177467529380e+03
8.200433880598462792e+02
5.536526311050611184e+02
-4.932398760571348362e+02
-6.473205047599570889e+02
-2.896008398976899571e+03
-3.197231347215990354e+03
-2.563988039541980925e+03
-1.369225340260776420e+03
1.396842466039023236e+02
4.992180846139916071e+02
1.107293798705200743e+03
8.665828165255917384e+02
5.520936006033456351e+02
2.552052266936305358e+01
-3.958845809636080162e+02
-3.408537014868389861e+02
-3.430654221005020190e+02
-1.486417406062222710e+02
-1.461272454578443671e+02
6.586000630617568907e-01
2.169061266364805896e+00
1.811820327197454894e+00
2.133134934285583650e+00
3.541961099164443461e+00
6.290448747158267295e+00
6.350740228125002496e+00
6.470797370547293426e+00
6.721201600952280586e+00
7.567198721035197195e+00
7.879375109101011354e+00
6.244046438004723143e+00
4.744175008475595590e+00
5.210955692040197818e+00
2.618730572385289612e+00
-2.296168528701401090e+00
-1.156879308180414156e+01
-2.699560286297937139e+01
-3.964379735527672466e+01
-5.349524652220628695e+01
-7.064936715912318732e+01
-8.771743969755458181e+01
-9.543368867862416494e+01
-1.045660161639056867e+02
-1.122593803807835542e+02
-1.214419484173936041e+02
-1.325285705448958709e+02
-1.218145749771724695e+02
-1.156866521635898977e+02
-1.032472695754036920e+02
-1.062009642977184853e+02
-9.928902081591390072e+01
-7.790201080836692427e+01
-8.549172162218964388e+01
-6.925525656475493008e+01
-5.636104640625976714e+01
-6.717436337879843222e+01
-6.395017376610321236e+01
-9.853130118531242942e+01
-7.148572222910868845e+01
-1.120700815705010740e+02
-1.193143275374806223e+02
-1.676137202383179101e+02
-1.717913779904465343e+02
-2.095596326390540014e+02
-2.630501431979866993e+02
-2.690986642536521458e+02
-2.811765577664698981e+02
-2.765102592647374991e+02
-2.684060873790190271e+02
-2.253506576432756106e+02
-1.960494749894671145e+02
-1.181205073642329921e+02
1.478983500073088209e+00
6.540647434532360194e+01
9.686175147090443716e+01
1.187956311920521699e+02
1.148769665835664853e+02
1.173931048650922691e+02
1.039245087328618666e+02
-2.538414087528360952e+01
-1.934412789673726820e+02
-3.988970965566958853e+02
-4.248915102873685328e+02
-4.234779002080791201e+02
-5.502794708292210544e+02
-7.924736395980701218e+02
-8.686474441207350310e+02
-9.295960044544443690e+02
-8.437039126787647092e+02
-1.023851396936471019e+03
-1.226983424435788038e+03
-1.243013748727905295e+03
-1.179258234317599772e+03
-1.190731652279205946e+03
-1.150420166642893264e+03
-1.171980157068352582e+03
-1.135369168271565968e+03
-1.034836520982390084e+03
-7.802198991004754589e+02
-6.430714956439467187e+02
-7.175727947978282373e+02
-6.677634817995133290e+02
-4.732726568373623763e+02
-1.168794820150638571e+02
-2.458542432457576581e+02
-4.617216214564966776e+02
-6.217073827672819561e+02
-5.023629217404664473e+02
-3.447657700669227552e+02
-5.504714191019372720e+02
-7.731126991829131612e+02
-9.376718774896856985e+02
-9.539907529905397041e+02
-8.818399247332132518e+02
-9.686463728846715640e+02
-1.227121419135607084e+03
-1.531132058515683866e+03
-1.506448709717130214e+03
-1.310996271688622301e+03
-1.245541932882307492e+03
-1.765506668284044508e+03
-1.931566114006881207e+03
-1.747001089500962053e+03
-1.540451458577976382e+03
-1.638722175140619811e+03
-2.006239103802052568e+03
-1.960285612060129552e+03
-1.704718216389336931e+03
-1.448290852859924371e+03
-1.278003700389873302e+03
-1.319994295845153601e+03
-1.433268742203178135e+03
-1.070850253033104536e+03
-3.431939638778166568e+02
7.071300700096743164e+00
-2.543032283952309456e+02
-4.235789020998653882e+02
-2.226571218043578426e+02
3.112045170179227966e+02
2.512804141986090940e+02
-1.869978194930030782e+02
-5.672633725258760933e+02
-4.655935380948483271e+02
-3.563676787283704925e+02
-5.123423741382493972e+02
-7.833472069449145465e+02
-1.258584466241821247e+03
-1.491816834260783253e+03
-1.455408226001333560e+03
-1.439009849846970837e+03
-1.809496587643721341e+03
-2.096910487855762767e+03
-2.389694149976852259e+03
-1.949952398858240713e+03
-2.122802408456197099e+03
-2.621146518282029774e+03
-2.698084677180057042e+03
-2.578414816654096740e+03
-2.421282568645571246e+03
-2.292973637071322173e+03
-2.553441786786173452e+03
-2.364740125684284976e+03
-2.169570914868850650e+03
-1.716248855568467889e+03
-1.437552134875744059e+03
-1.182546873378962573e+03
-1.322829000475102475e+03
-9.787358568119112761e+02
-5.642070074798995165e+02
-4.285062879177657464e+02
-2.114244037329647767e+02
-5.427778690508432646e+02
-4.785657814670830703e+02
-2.647543900851187004e+02
-2.947739331691088864e+02
-5.600995620846805423e+02
-7.910915166321497054e+02
-8.013552185847813689e+02
-9.632394815607710825e+02
-1.043394041085864728e+03
-1.153388288841465510e+03
-1.409439938599844027e+03
-1.687492363783946757e+03
-1.711192844614931573e+03
-1.612533629324031608e+03
-1.749973862631167549e+03
-1.936099904942207331e+03
-1.821772067442818070e+03
-1.812782453774574833e+03
-3.245067223267565168e+03
-3.652705222831503306e+03
-3.303487380981350270e+03
-3.014157957827862447e+03
-2.524165835186438471e+03
-1.565123324651889334e+03
-7.777036619911488060e+02
-2.201387199160761270e+02
2.060566154795339742e+02
4.547315489923435621e+02
2.982222669736530634e+02
7.984110259562184808e+01
-2.918754709659179412e+02
-3.997180532648742997e+02
-7.238143445530457711e+02
-1.223884744133210006e+03
-9.750651134940660540e+02
-1.263812627480801666e+03
-1.110769751687243797e+03
-1.161123579053230060e+03
-1.096589674595428278e+03
-1.052362521043071411e+03
-7.321089138113321724e+02
-7.170093148375342480e+02
-5.035425808279706530e+02
-2.513076302608567403e+02
-2.420111614086552834e+02
-1.472481315701754454e+02
2.397985677794230241e+01
-7.362524093952776738e+00
-1.086751288907074198e+01
-3.462765572940215009e+01
-4.109518615891308713e+01
-4.867645644029697394e+01
-6.356766510602247422e+01
-3.650483253126823513e+01
-4.850358572997077999e+01
-5.043750098835268858e+01
-4.985471519577871646e+01
1.875479259820102840e+01
-1.831696118342958712e+01
4.632750084244026567e+01
-3.895881870004177738e+00
8.730842516719590662e+01
1.227000271137887921e+02
2.266080069724470718e+02
8.222717386653840776e+01
9.661384193524884267e+01
7.276196806764909297e+01
7.019188152809751102e+01
-3.356024134990200736e+01
-1.680393735753515898e+02
-2.364958185367053147e+02
-3.180543568601690367e+02
-4.224409953552573143e+02
-4.962696849345833812e+02
-7.021440794539141734e+02
-9.830655553151599406e+02
-1.176434602702181564e+03
-1.352627430893018527e+03
-1.211627019841868787e+03
-1.485323836779982003e+03
-1.610414012366043380e+03
-1.729104140657115522e+03
-1.861340146843544517e+03
-1.800127356908540833e+03
-1.851823441096674287e+03
-1.655205444973806607e+03
-1.847547715687931031e+03
-1.851256970141703277e+03
-1.897011857840265066e+03
-1.995601735408200284e+03
-2.147165802981511206e+03
-2.342579121725716050e+03
-2.363282789930230592e+03
-2.686161407690145097e+03
-2.750175105200347843e+03
-3.074575242668055580e+03
-3.180613067943167152e+03
-3.162888121319094807e+03
-3.194933317994533354e+03
-2.787339310486826434e+03
-2.463641052920544553e+03
-2.308925514607863988e+03
-2.085818878192168086e+03
-1.640193949570397081e+03
-8.915836460343512044e+02
-3.399693105268779050e+02
-5.567474066438004456e+02
-1.075736904076531800e+03
-5.847339837443308852e+02
1.106601479902424074e+02
2.789363616375590595e+02
-1.423721235057276147e+02
-9.844649465346030581e+00
4.499695071006761395e+02
2.319053770768908009e+02
3.081355855948024782e+02
-2.366787043408079967e+02
-4.355278486925237189e+02
-5.806043578325915178e+02
-6.109512119625882178e+02
-7.930241152986869793e+02
-1.161560040879953476e+03
-1.489744797347769691e+03
-1.744329340388656647e+03
-1.418439808153711738e+03
-1.384912180454565487e+03
-1.586375643875125661e+03
-1.577064019879367152e+03
-1.529204416490281801e+03
-1.080387869891382934e+03
-5.500466325405767520e+02
-3.725916552206620054e+02
-4.900677958786178010e+02
-6.161514209323331670e+02
-2.336811780670827545e+02
6.254559972097154059e+02
8.743006652197000221e+02
9.363672298973138197e+01
-1.761593639056467850e+02
8.957961483231113107e+02
1.282894978997238240e+03
9.906902412751661586e+02
4.241646798984220368e+01
1.459802982887155736e+02
6.375933926997512344e+02
7.877848162604911977e+02
2.142145825496988039e+02
-3.110841612567072616e+02
-2.533477227732331869e+02
8.982412317071506891e+01
3.349965983237713090e+02
3.024843555827491173e+02
-3.974207947817710078e+02
-6.073177416249283169e+02
-2.945100969767538572e+02
-3.425085666733338599e+02
-3.604537420375769443e+02
-1.054519328092007299e+03
-9.138621321018329127e+02
-5.880719186008395809e+02
-1.442372809001456346e+02
-3.619971247518910786e+02
-3.670697844986046334e+02
-2.652734461686287091e+02
-7.709281188248519356e+01
2.597756081396010472e+02
3.354708506792387084e+02
5.435422303048470667e+02
3.332175149373670138e+02
3.994612208152396420e+02
5.726938309172146546e+02
6.624897565676111526e+02
4.131539079702042727e+02
1.309086449718696485e+02
3.574767399457205670e+02
4.685090513554622476e+02
1.996880820254837090e+02
1.090966550482613542e+02
2.170976081917914655e+02
8.967377659234344378e+01
1.440302204798312289e+02
-1.030632898951795084e+01
-7.534941508098479801e+01
-2.122998020486614053e+02
-5.999686868532561590e+01
-1.284580204207161955e+02
-2.590624049643504350e+02
-2.941819373773153075e+02
-5.110616057279096367e+02
-4.584812569586703717e+02
-3.970891831070056810e+02
-3.629256891047066915e+02
-3.253012568249632750e+02
-4.966715603595762900e+02
-3.839719042333128414e+02
-2.832514515529542223e+02
-1.525001347867384993e+02
-2.606582884922919447e+02
-2.795262848257156634e+02
-5.548608307417148922e+01
-8.715576459710405288e+01
-4.124439788993041844e+01
3.710987004269873779e+01
4.123274934184976814e+01
-6.323965142617892887e+00
1.009346017203540526e+02
1.057440589519225114e+02
1.764026769142964781e+02
1.640939142111001203e+01
1.227969847082927402e+02
1.517506336219771583e+02
9.628869337317443922e+01
6.863698236764730609e+01
1.269007581570344740e+02
6.216652357746085755e+01
4.634825541211684907e+01
5.963323832107715328e-01
-1.784851168036537103e+02
-1.338257984177651849e+02
-2.364142483634514349e+02
-2.535352415402095119e+02
-1.706778393230840152e+02
-2.196828821936724410e+02
-2.262688492255405777e+02
-1.401385843055158205e+02
-9.230193208512851299e+01
-1.160254606009262801e+02
4.348454123008565375e+01
2.612314526836666673e+01
6.925084050586571038e+01
3.029599640543932537e+01
1.157167655053350188e+02
-1.103572650036354190e+02
9.772127221249494733e-01
-1.625778308604026634e+01
-2.917701647424749822e+01
1.062869063297378425e+01
-8.586270663040903628e+01
-8.432041393269356888e+01
-1.276491525875148909e+02
-6.024236136235575145e+01
-4.397280483807428197e+01
-4.825694146937896534e+01
-1.582370285530674892e+01
-6.552357622543169668e+00
3.233705929643241461e+01
