1.969534333543963497e-03
4.034750850907338655e-03
7.998393450672632368e-03
1.053492545455593336e-02
1.926982175788298501e-02
2.229491143104175496e-02
3.603232642783623513e-02
5.094176669103405580e-02
7.877502884542197936e-02
8.691393305982587913e-02
8.802001428232512914e-02
1.178706925972215908e-01
1.060119049344598191e-01
1.402737257431520557e-01
2.837830606714415449e-01
3.204902723994687008e-01
4.181333895917261345e-01
4.450272630367975712e-01
5.076717755015828226e-01
5.972831832039768862e-01
5.830843812514390212e-01
5.996245011370031630e-01
5.823246024686160593e-01
6.748205389258199460e-01
8.327125062188573956e-01
1.038702696288821059e+00
1.368686790665547770e+00
1.712710862172827309e+00
2.256665120008228165e+00
2.395948446152878386e+00
3.146981627409283888e+00
3.402155058852346148e+00
3.589835806303776078e+00
3.650440363024601620e+00
3.849531628946968098e+00
3.363414666544578324e+00
2.816496256941440013e+00
1.784372725923908831e+00
1.156671113155028463e+00
-9.206243319405681413e-01
-3.936822352824156379e+00
-7.792827114075606687e+00
-1.165447492445043132e+01
-1.535310912466770006e+01
-2.042029233160974755e+01
-2.600595568105261535e+01
-3.145313749853241703e+01
-4.049083421646334813e+01
-4.743616015140970887e+01
-4.583650918912481842e+01
-4.516274566767655330e+01
-5.118828559402761869e+01
-6.319354440421458463e+01
-7.807693795227777400e+01
-6.755423414388219783e+01
-4.738878920004265893e+01
-5.081357158731437096e+01
-8.039506845500041265e+01
-8.636943328764158423e+01
-6.325992642854069459e+01
-4.312881895282259848e+01
-6.066588178986860669e+01
-8.825506411657062245e+01
-8.996628098479978064e+01
-8.137765553723397716e+01
-6.632850804342471918e+01
-6.323056546041343040e+01
-8.449163770902320891e+01
-1.259451074630340059e+02
-1.420282145315117077e+02
-8.369511962339359457e+01
-5.082117860347152316e+01
-1.240936509641730652e+02
-2.064248808052444986e+02
-1.744693004033146906e+02
-4.073238275669771724e+01
-4.977682313439565576e+01
-1.823294063728422145e+02
-2.474313154174002989e+02
-9.399001134202106300e+01
2.249060184355017000e+01
-4.569239942072972127e+01
-1.702130675309818741e+02
-1.527248973588327488e+02
-2.313572602698890179e+01
4.730701171553357653e+01
2.933553021519209736e+01
-3.442567611043644149e+01
-9.712892052222349548e+01
-2.717892179415239440e+01
9.199751200479144586e+01
1.156671689228246436e+02
-3.685626051305781203e+01
-1.428482670533871044e+02
-4.328275388939197654e+01
8.265052051975882819e+01
7.423763319757155443e+01
-5.542352745021826621e+01
-1.197568210743067425e+02
-1.358650866235036005e+02
-4.040777786278930250e+01
7.548776378437518986e+01
3.971913101638251220e+01
-2.759955134045884506e+02
-4.965168456321319468e+02
-1.368957475464660263e+02
2.661527844057708876e+02
-1.173469795074834821e+02
-8.795829904789648026e+02
-8.972536334252677079e+02
-2.335031056494063506e+01
1.911029991399078654e+02
-7.073012761963352659e+02
-1.398223870791180389e+03
-8.791755263235913844e+02
-7.317346942131301546e+01
-9.730567938313862442e+01
-6.112327036970237941e+02
-1.034144703645319851e+03
-9.127977196116577261e+02
-2.616697773337152171e+02
2.110428984966466430e+02
-2.124689572272414182e+02
-1.086458180611911985e+03
-1.131668437502459028e+03
-1.470745674408842660e+02
4.025762777589275174e+02
-3.896974609379205958e+02
-1.238388482368866335e+03
-8.691996423476641667e+02
2.509331099468848691e+01
8.230579326958067554e+01
-5.292407203512146907e+02
-9.386535141804638442e+02
-7.949017538407687198e+02
-3.657902366484916570e+02
6.051133077715984143e+01
-8.217605931881682579e+01
-1.048204848034076349e+03
-1.553604401530825726e+03
-5.737805490261138175e+02
6.295121599010229829e+02
-1.431777013115444390e+02
-2.130117741075724553e+03
-2.157933359895868762e+03
-3.432234074639225128e+02
5.810933595989611149e+02
-8.517334115205657099e+02
-2.088892876419868116e+03
-1.426261380504111685e+03
-5.581225374274022322e+00
5.271594140268609863e+02
2.080880814409912318e+02
-4.157655863277680623e+02
-6.881562131250364018e+02
1.946137716450160724e+02
1.442106387944252219e+03
1.156992930557322779e+03
-8.575300304709239185e+01
-6.272363489248789392e+02
6.720838584106759299e+02
1.731043279060768555e+03
9.190281526602517488e+02
-3.085378349520364623e+02
-2.604075616536084681e+02
9.236295624017734553e+02
1.349000260051290297e+03
8.060638109737046761e+02
1.978322403690544320e+02
1.098531759556476004e+02
2.015575119521282431e+03
2.275054253223125215e+03
-4.499352767672068012e+02
3.300347429704668230e+03
-1.031938655028747235e+03
-4.520242286383518717e+02
2.357347308973895395e+02
-2.889581399743553902e+03
-3.853271401454632041e+02
-1.324470234759187122e+02
-4.085907150429731018e+02
2.841080534342964711e+03
1.683201851660543298e+03
2.303957970544876844e+03
2.734473595342321460e+03
1.211598944688582833e+03
2.128220895193684100e+03
1.488593619702491878e+03
1.353932793686285549e+03
1.446193616098989423e+03
9.931432448205442824e+02
8.049913546380942080e+02
6.522087029764547879e+02
2.587110676705798795e+01
3.988209866701782289e+02
4.884245498335413345e+02
7.548195000842313220e+02
1.033855444995693006e+03
1.432670492026432157e+03
1.158440378878744696e+03
2.446444014103639347e+03
1.764294538154859993e+03
1.563743878476706868e+03
1.733493956940629914e+03
5.286763568379908520e+02
-1.077564031343672468e+03
-1.782918765651781996e+03
-1.246948861543976591e+03
-7.274596431448655949e+02
-5.077880139681823835e+02
-1.074533765733945529e+03
-1.752698153874236368e+03
-1.201170639032824056e+03
-5.815249556371526296e+02
-2.503543260872341989e+02
4.902562542632356996e-02
-5.867580429261883834e-01
-7.775837473712934322e-01
2.373762363037901224e-01
-4.499856595292783812e-01
-1.400199090149025327e+00
-1.989521031751211311e+00
-9.353386494165024656e-01
-4.829177343120227839e-01
-1.920808474541283173e-01
-7.163663574149081725e-01
6.307721074570319386e-01
-1.162938447813620879e+00
3.148551051092420838e-01
-9.157598608031038978e-01
-8.923790003902601908e-01
1.606142288739929036e+00
3.095657103150950551e+00
-1.026056902208387633e+00
-2.072349434092537468e+00
-1.398067581049787300e+01
-2.180053569044317285e+01
-3.162414138643952199e+01
-4.488632095048185278e+01
-4.932068239291236011e+01
-6.717111125768124680e+01
-6.751097287017279314e+01
-8.237150673200346773e+01
-8.932767500540472838e+01
-7.708982263564897153e+01
-6.221188660026546557e+01
-4.664042969496909308e+01
-4.811950982765939244e+00
3.343162760904471043e+01
7.115924739536272625e+01
1.343603316730993811e+02
1.937657667981534075e+02
2.384140330332026281e+02
2.933350034478422685e+02
3.621569499735774116e+02
4.206176077741587278e+02
4.855228066390242248e+02
5.335776161837669633e+02
5.585248004238706017e+02
5.342877802220797321e+02
4.827632946707757355e+02
4.460998910716267574e+02
4.525715517790642934e+02
5.333072604014716944e+02
5.470985100076920844e+02
3.745058589122879198e+02
1.708487999028193371e+02
1.317989816226301514e+02
3.049938960671240693e+02
3.222339886665269546e+02
1.653336019840142228e+02
-1.073675291378790888e+02
-7.633161034782172294e+01
1.920699130103117795e+02
4.478147481819555082e+02
4.636863958634059486e+02
-1.966527565592055993e+01
-3.684181608184300103e+02
2.681852761083570726e+02
1.021436087525741414e+03
8.466818606140575412e+02
-3.235363306734383286e+02
-4.390533894956362815e+02
4.174308491318437859e+02
1.116132404827375240e+03
4.648179402051767397e+02
-3.531497450959557227e+02
-2.892318500527315450e+02
2.720568431705640364e+02
6.483649418389712764e+02
4.742818675207608976e+02
-1.805130357513183981e+02
-7.226238192526635657e+02
-5.657088840258489881e+02
7.487614515554863601e+02
9.139200981931672914e+02
-4.706985125863148482e+02
-1.629333943713916142e+03
-1.984980931730641771e+02
1.720123308017978388e+03
1.224840779715164672e+03
-5.426773372989533755e+02
-8.372835010025775091e+02
1.014337387799414273e+03
2.025606407108742133e+03
1.570482651544385135e+03
6.659778972120225262e+02
9.369958692223437424e+01
6.893876643239341320e+02
2.081272407246427520e+03
2.673285703567161818e+03
1.300993848106375253e+03
-6.756330731063013673e+02
5.120168537853351154e+02
3.108743065172294791e+03
3.399278865010825029e+03
4.251982363530909765e+02
-9.624504371532061668e+02
1.432709339521456968e+03
3.911175585085964940e+03
2.756097401348285530e+03
1.441615551152254397e+02
-8.105286058616677280e+01
1.599837882296986436e+03
2.948074933758119187e+03
3.147933309317538715e+03
1.542287366971995198e+03
-6.186608296297820289e+02
-5.857717923800148583e+02
2.432362761761390175e+03
3.830642499633303032e+03
9.226890203243378892e+02
-1.941806074623731320e+03
-4.086142595329556571e+02
3.137413433993185208e+03
3.098427927249385448e+03
2.844979884358033360e+02
-1.107358496877521475e+03
3.923781116406738647e+02
2.109357547892031107e+03
2.420054200091567054e+03
1.301394940837672493e+03
-4.957444343302967837e+01
4.789896921809778974e+01
1.917984131313741045e+03
3.266474299471775339e+03
1.849202977869074175e+03
-4.931431301792313775e+02
-1.181586289760077477e+02
2.893912138898131616e+03
3.585348265616162735e+03
7.923939944534409960e+02
-1.020465353473672280e+03
8.538169071203391240e+02
3.014559206691820236e+03
2.554591467032323635e+03
6.989485039579774366e+02
-2.140252414158155716e+02
4.560171413347247835e+02
1.618933628404336105e+03
2.320412978633214607e+03
1.632538721894304672e+03
-5.829572281326423990e+02
-1.005336184069416618e+03
1.030780909632639577e+03
2.748402037625607591e+03
1.061557538345201920e+03
-9.455211281466066566e+02
-2.417383285447109245e+02
1.662786666737569249e+03
2.319013552275747770e+03
9.761657388140313287e+02
3.035980510389078972e+02
7.337319972647879922e+02
1.453170874711546958e+03
1.979794747325476465e+03
1.768283753981490463e+03
8.244897067892974292e+02
5.138102275306371212e+02
1.412693245059099127e+03
2.284037349125661876e+03
1.669007735954329291e+03
8.263231534602243755e+02
5.055339676864333569e+02
1.760253439244170750e+03
3.562664796073861453e+03
1.312565158680637296e+03
3.356398040360194500e+03
2.255312037823811352e+03
1.553161035923597865e+03
2.240133655346092837e+03
1.087892125005134858e+03
8.698647790963329953e+02
1.216868665182993936e+03
-4.867592413024427600e+01
1.193638098291834694e+03
3.828669273106743276e+02
5.917999659103019212e+02
1.003104290547340156e+03
8.163826475620778638e+02
8.506507195696879080e+02
9.078572640725185465e+02
8.667414869685167105e+02
1.109395442089566814e+03
7.678244824957267838e+02
6.377907804344655460e+02
5.767357812570010083e+02
5.817778474885133164e+02
2.711077010695935883e+02
5.005203882460560862e+02
2.807714203583386166e+02
-8.359047635315837610e+00
2.978314237645859919e+01
1.022393777842301432e+02
-7.903683032046973977e+00
1.216789618760179792e+01
-9.328112738823083339e-01
2.118917030777653920e+00
1.672986024094097246e+01
-2.264159901721138368e+01
-1.284825568511017657e+01
-2.088413125762467715e+01
-2.518096197587754759e+01
-2.175792190360867551e+01
-8.049957151909676867e+00
1.383328999159554584e+01
2.904392986276650035e+01
-1.757106692243379120e+00
6.270104765068794883e+00
3.132268696625234838e+01
6.173384425243911977e+01
8.269378388910155309e+01
1.242053589320399141e+02
9.249938006693923853e+01
1.274207020886624946e+02
1.830025423021214692e+01
-1.527727678130704874e+02
-2.445066521715767180e+02
-1.645284618994503205e+02
-6.499208234676520988e+02
-7.953079208716342237e+02
-1.025066242691469370e+03
-1.302449136167462711e+03
-1.696677623773589630e+03
-2.239138430441836135e+03
-2.671029429833183713e+03
-3.143445377025265316e+03
-3.449529546451381066e+03
-3.722641438630737412e+03
-3.884478862906530594e+03
-4.106410541269997339e+03
-4.102654324249733691e+03
-4.075513329363570847e+03
-3.990636114864917090e+03
-4.073882031768430352e+03
-3.934314003396419594e+03
-3.666450206534588688e+03
-3.411399037277454681e+03
-2.881181813599883753e+03
-2.501348723055305527e+03
-2.139158746405249985e+03
-1.997397257823635755e+03
-2.017637051719134888e+03
-2.002826621881612937e+03
-2.172395631584851344e+03
-2.350466762616714277e+03
-1.951423225617246089e+03
-1.141977617165479387e+03
-2.037884221272041032e+03
-3.447351145778260616e+03
-4.034927925829289961e+03
-1.270136815058373259e+03
-2.854927495687732630e+02
-4.103391348791900782e+03
-7.484203993245677339e+03
-5.180771573326663201e+03
-1.416812377413924935e+02
-8.592820976414784582e+02
-5.113255992492960104e+03
-7.026308854852570221e+03
-3.885275939755960735e+03
-1.430885928342633179e+03
-1.884621871500641646e+03
-3.675792701815799774e+03
-5.451817466162726305e+03
-5.009725769198828857e+03
-2.595499422938153202e+03
-1.305419714114619183e+03
-2.601065153366924733e+03
-5.824383999688075164e+03
-4.994856259573982243e+03
-2.672971056130075340e+03
-1.668423317401111262e+03
-3.453914013407914808e+03
-4.993536260295119064e+03
-5.536905643065739241e+03
-5.209091947210352373e+03
-2.429554382299182635e+03
-1.249405974663782672e+03
-4.161089606782227747e+03
-7.537816102078426411e+03
-5.286722857937564186e+03
1.341347891904979633e+03
5.925036988047428395e+02
-5.027637420494593243e+03
-7.765384130305644248e+03
-1.353220928544245908e+03
3.057937999672672049e+03
-5.728807370020548433e+02
-6.165207884721899063e+03
-4.758568956067590989e+03
8.301581501331970685e+02
1.644278581863157569e+03
-1.790715738178474339e+03
-4.730809507190139811e+03
-2.956149987429929752e+03
-3.796570055470402849e+02
3.346444380755545467e+02
-1.224444149850354506e+03
-3.355624283916952209e+03
-4.033033479099766737e+03
-1.344381247829217500e+03
9.509078572514639518e+02
-4.422506576221254591e+02
-3.885467592374209744e+03
-3.646899362628117615e+03
-8.588263641944099618e+02
3.248827490119131198e+02
-8.392803942705063491e+02
-1.812125656676438666e+03
-1.815501607860674767e+03
-1.560882017970541710e+03
-4.989209738916905508e+02
1.532658741511624783e+02
-6.447812885193585544e+02
-2.168431680787144160e+03
-1.783625848982835578e+03
5.069386124425394655e+02
8.673988834925812625e+02
-9.881517687273791353e+02
-1.868574025559054462e+03
-7.996261315424214899e+02
7.063766514627653805e+02
4.622538397480095682e+02
-9.259132208749023221e+02
-1.216850805821565018e+03
-1.974327873069445616e+02
4.962812777928824062e+02
1.755285798594852764e+01
-5.241823634506046119e+02
-6.121620972987959703e+02
-1.778552691309285763e+02
3.081416445132721833e+02
4.325121535828068886e+02
-2.917555529327077011e+02
-6.905590764483790736e+02
-3.082359638868161369e+02
3.309158079024581411e+02
2.218099456911496077e+02
-2.944631240757632327e+02
-6.250349829730603233e+02
-3.372242282224095788e+02
-6.561712839709642253e+01
3.774019987193521608e+00
-2.435733371746156308e+02
-4.090677569611746662e+02
-3.715239167649954197e+02
-9.637411542841738310e+01
-6.872192140466184185e+01
2.838402426914814569e+01
-4.430954437949944236e+02
-2.553357479829894601e+02
-7.719281313369191366e+01
1.658975839647468717e+02
-1.656636589911956889e+02
-2.817319699261941537e+02
-1.089452227937768356e+02
5.073428310807155128e+01
1.697284202885635693e+02
-6.332408039075689032e+01
-1.784440601482797319e+02
-5.103902236416926286e+01
8.668578516098256159e+01
1.528685201403803262e+02
-4.341524464737668865e+01
6.251515436022432759e+00
1.110405725911478356e+02
-1.055307287550147208e+02
9.975120521729527923e+01
1.672754687512009752e+02
-7.209777508837331261e+00
-8.844772091770945366e+00
-1.026499990007983882e+02
-1.130763828730336797e+02
6.300106515736226243e+01
-3.015232485200318990e+01
4.728757103743041768e+01
-8.320746239469181660e+01
4.149991498694870984e+01
3.423233396493609604e+01
4.374050667994098696e+00
6.948734999312280536e+01
5.509839959879363480e-01
1.281214604785074300e+02
-1.476994600429325111e+01
2.954555447694630033e+01
6.043764097844667305e+01
1.045218886338550419e+02
3.050768342351110363e+01
-2.474692515296656126e+01
-4.579570581468275492e+01
8.491130063324970223e+00
-4.582184488889918583e+01
