3.240846977528709924e-06
6.481693955057419848e-06
1.080282325842903280e-05
1.620423488764354835e-05
2.268592884270096904e-05
3.024790512360128980e-05
3.889016373034451739e-05
4.861270466293064844e-05
5.941552792135968293e-05
7.129863350563161409e-05
8.426202141574645548e-05
9.830569165170420032e-05
1.134296442135048486e-04
1.296338791011483868e-04
-8.930943079211927055e-05
-1.004731096411341828e-04
-1.122934754812676168e-04
-1.247705283125195592e-04
-1.379042681348900505e-04
-1.516946949483790772e-04
-1.661418087529866123e-04
-1.812456095487126285e-04
-1.970060973355572344e-04
-2.134232721135203214e-04
-2.304971338826019439e-04
-2.482276826428021018e-04
-2.666149183941207679e-04
-2.856588411365579695e-04
1.572469042071056658e-04
1.677300311542460345e-04
1.785513234867780192e-04
1.897107812047016742e-04
2.012084043080169182e-04
7.354669008444601665e-04
7.774935808927149836e-04
8.206876687200880503e-04
8.650491643265792582e-04
9.105780677121887157e-04
2.897062101390173762e-03
3.041915206459682320e-03
3.190301314091861448e-03
3.342220424286712014e-03
3.497672537044234017e-03
3.832112039835184128e-03
4.002428130494525491e-03
4.176446744863852346e-03
4.354167882943165563e-03
4.535591544732464273e-03
5.486223810149255115e-03
5.705672762555224868e-03
5.929424635596606576e-03
6.157479429273399370e-03
6.389837143585603250e-03
8.503623429847196116e-03
8.812846100023459181e-03
9.127590603595725147e-03
9.447856940563995748e-03
9.773645110928270985e-03
9.993100220900615061e-03
1.032620356159730246e-02
1.066476761279721436e-02
1.100879237450035075e-02
1.135827784670671164e-02
1.378944470426028517e-02
1.421373531054521792e-02
1.464445456237992334e-02
1.508160245976439794e-02
1.552517900269864345e-02
1.933870938948442295e-02
1.989124394346969416e-02
2.045156067427165297e-02
2.101965958189031328e-02
2.159554066632566466e-02
2.282265909930933021e-02
2.343126334195758109e-02
2.404787553516699386e-02
2.467249567893756157e-02
2.530512377326929463e-02
2.537115181246639081e-02
2.600543060777804963e-02
2.664754000550096508e-02
2.729748000563513716e-02
2.795525060818055893e-02
3.363414799679814021e-02
3.442553971436985993e-02
3.522613366121567224e-02
3.603592983733557020e-02
3.685492824272956075e-02
3.343324250990326735e-02
3.417620345456778841e-02
3.492732880521762229e-02
3.568661856185278980e-02
3.645407272447327707e-02
3.607978701177862180e-02
3.683936147518448306e-02
3.760684817258416746e-02
3.838224710397765416e-02
3.916555826936495011e-02
4.190029854261148601e-02
4.273830451346371379e-02
4.358460757313625811e-02
4.443920772162913285e-02
4.530210495894231720e-02
4.617329928507582504e-02
4.705279070002964942e-02
4.794057920380379034e-02
4.883666479639825475e-02
5.101351031432455052e-02
5.194953802651398889e-02
5.289407508154152227e-02
5.384712147940712984e-02
5.480867722011082549e-02
5.577874230365261615e-02
5.675731673003248101e-02
5.774440049925044088e-02
5.873999361130648883e-02
6.042108217003436949e-02
6.144516830850952488e-02
6.247786021285423042e-02
6.351915788306847221e-02
6.456906131915224334e-02
6.562757052110555767e-02
6.669468548892841520e-02
6.777040622262080205e-02
6.885473272218273211e-02
6.987446872614216931e-02
7.097485406041212364e-02
7.208383615510606524e-02
7.320141501022398023e-02
7.432759062576589637e-02
7.546236300173178591e-02
7.660573213812166271e-02
7.775769803493552679e-02
7.891826069217336426e-02
8.326835689858244627e-02
8.449289155885572611e-02
8.572636442832806680e-02
8.696877550699948223e-02
8.822012479486998626e-02
8.948041229193955115e-02
9.074963799820820465e-02
9.202780191367591900e-02
9.331490403834272196e-02
9.602361081291281575e-02
9.734807441033231645e-02
9.868160967622727209e-02
1.000242166105977104e-01
1.013758952134436314e-01
1.027366454847650212e-01
1.041064674245618937e-01
1.054853610328342350e-01
1.068733263095820452e-01
1.063873962574787418e-01
1.077690507543291043e-01
1.091596191511591679e-01
1.105591014479689049e-01
1.119674976447583153e-01
1.133848077415273992e-01
1.148110317382761841e-01
1.162461696350046425e-01
1.176902214317127604e-01
1.186529050446346739e-01
1.201087689102130207e-01
1.215735099944838943e-01
1.230471282974473501e-01
1.245296238191033328e-01
1.260209965594518700e-01
1.275212465184929478e-01
1.290303736962266079e-01
1.305483780926527948e-01
1.308431372963824446e-01
1.323645691254101420e-01
1.338947953580738315e-01
1.354338159943735687e-01
1.369816310343092425e-01
1.385382404778809362e-01
1.401036443250886498e-01
1.416778425759323279e-01
1.432608352304120258e-01
1.457742750003608589e-01
1.473850404699781069e-01
1.490046562993185275e-01
1.506331224883820930e-01
1.522704390371688588e-01
1.539166059456787972e-01
1.555716232139119082e-01
1.572354908418681918e-01
1.589082088295476480e-01
1.620080645296080313e-01
1.637134125772881366e-01
1.654276891487780621e-01
1.671508942440778356e-01
1.688830278631874571e-01
1.706240900061068988e-01
1.723740806728362163e-01
1.741329998633753262e-01
1.759008475777243397e-01
1.800817165237502404e-01
1.818915830214763718e-01
1.837104988516911341e-01
1.855384640143945274e-01
1.873754785095865516e-01
1.892215423372672067e-01
1.910766554974364928e-01
1.929408179900944098e-01
1.948140298152409577e-01
1.994159946417124740e-01
2.013334561286520275e-01
2.032600920724668969e-01
2.051959024731570269e-01
2.071408873307225285e-01
2.090950466451632628e-01
2.110583804164793964e-01
2.130308886446707628e-01
2.150125713297374730e-01
2.294974424133644220e-01
2.316126262144092562e-01
2.337375126934405356e-01
2.358721018504582601e-01
2.380163936854624018e-01
2.401703881984530442e-01
2.423340853894300762e-01
2.445074852583935809e-01
2.466905878053435308e-01
2.792377873744318895e-01
2.817089182361525168e-01
2.841909351369115710e-01
2.866838380767090522e-01
2.891876270555449602e-01
2.917023020734192396e-01
2.942278631303319458e-01
2.967643102262831345e-01
2.993116433612726390e-01
2.907999633933807671e-01
2.932748566988563343e-01
2.957602368403720594e-01
2.982561038179279977e-01
3.007624576315240383e-01
3.032792982811601812e-01
3.058066257668364818e-01
3.083444400885529957e-01
3.108927412463096118e-01
3.543208023528684469e-01
3.572250712246132776e-01
3.601411942550182821e-01
3.630691714440834605e-01
3.660090027918088129e-01
3.689606882981943947e-01
3.719242279632401504e-01
3.748996217869460801e-01
3.778868697693121836e-01
3.918768853744086789e-01
3.949747263655107310e-01
3.980847635809872109e-01
4.012069970208381187e-01
4.043414266850633987e-01
4.074880525736630510e-01
4.106468746866371866e-01
4.138178930239857500e-01
4.170011075857087413e-01
4.231914253081237032e-01
4.264218942036055449e-01
4.296646462507812125e-01
4.329196814496508172e-01
4.361869998002141924e-01
4.394666013024714490e-01
4.427584859564225872e-01
4.460626537620674958e-01
4.493791047194062860e-01
5.033182300325984571e-01
5.070327557154958864e-01
5.107609377428157238e-01
5.145027761145578582e-01
5.182582708307226227e-01
5.220274218913096842e-01
5.258102292963191537e-01
5.296066930457510313e-01
5.334168131396053170e-01
5.705211746807903328e-01
5.745963259285101765e-01
5.786859794938377100e-01
5.827901353767727111e-01
5.869087935773152909e-01
5.910419540954653383e-01
5.951896169312229645e-01
5.993517820845882804e-01
6.035284495555609530e-01
6.901997822891096090e-01
6.949762513706950751e-01
6.997691910353205369e-01
7.045786012829859946e-01
7.094044821136913370e-01
7.142468335274366753e-01
7.191056555242220094e-01
7.239809481040472283e-01
7.288727112669124431e-01
8.107879152307827519e-01
8.162294448632041455e-01
8.216891735913861572e-01
8.271671014153286761e-01
8.326632283350318131e-01
8.381775543504956794e-01
8.437100794617200528e-01
8.492608036687050443e-01
8.548297269714506541e-01
9.349878263712143589e-01
9.410789522759128722e-01
9.471898545634187538e-01
9.533205332337321147e-01
9.594709882868530659e-01
9.656412197227812744e-01
9.718312275415170731e-01
9.780410117430603512e-01
9.842705723274109975e-01
1.054468198630549747e+00
1.061142047988970827e+00
1.067836950499942317e+00
1.074552906163463994e+00
1.081289914979535860e+00
1.088047976948157913e+00
1.094827092069330376e+00
1.101627260343052805e+00
1.108448481769325644e+00
1.145681035997413444e+00
1.152731380834320474e+00
1.159803352495880846e+00
1.166896950982094117e+00
1.174012176292960508e+00
1.181149028428480241e+00
1.188307507388652651e+00
1.195487613173478403e+00
1.202689345782957275e+00
9.940814148609701251e-01
1.000033998183490924e+00
1.006004350411451975e+00
1.011992471544853389e+00
1.017998361583695388e+00
1.024022020527977528e+00
1.030063448377700253e+00
1.036122645132863118e+00
1.042199610793466347e+00
8.974303200858246843e-01
9.026631499405524117e-01
9.079111915099742358e-01
9.131744447940900455e-01
9.184529097928998409e-01
9.237465865064036219e-01
9.290554749346012775e-01
9.343795750774930298e-01
9.397188869350787677e-01
3.391187301504363649e-01
3.410455411172002016e-01
3.429778104719719001e-01
3.449155382147514048e-01
3.468587243455387159e-01
3.488073688643339443e-01
3.507614717711369234e-01
3.527210330659477089e-01
3.546860527487663561e-01
-3.140803094554054375e-01
-3.158203665715018649e-01
-3.175652304752118460e-01
-3.193149011665353254e-01
-3.210693786454723031e-01
-3.228286629120228346e-01
-3.245927539661869199e-01
-3.263616518079645035e-01
-3.281353564373555853e-01
-1.376211026983817698e+00
-1.383650005508054504e+00
-1.391109035187343190e+00
-1.398588116021683758e+00
-1.406087248011076207e+00
-1.413606431155520315e+00
-1.421145665455016527e+00
-1.428704950909564397e+00
-1.436284287519164149e+00
-2.762798444447785329e+00
-2.777377855764132430e+00
-2.791995633952364386e+00
-2.806651779012482084e+00
-2.821346290944484636e+00
-2.836079169748372486e+00
-2.850850415424144746e+00
-2.865660027971802748e+00
-2.880508007391345604e+00
-4.477288542651510106e+00
-4.500367349572394815e+00
-4.523505485045774321e+00
-4.546702949071650401e+00
-4.569959741650021279e+00
-4.593275862780889618e+00
-4.616651312464252754e+00
-4.640086090700111576e+00
-4.663580197488466972e+00
-6.471699292800865422e+00
-6.504302311908174872e+00
-6.536987248148919072e+00
-6.569754101523098910e+00
-6.602602872030715275e+00
-6.635533559671766390e+00
-6.668546164446252256e+00
-6.701640686354173759e+00
-6.734817125395531789e+00
-8.516363865167495106e+00
-8.558316396523000691e+00
-8.600372005351122340e+00
-8.642530691651863606e+00
-8.684792455425222713e+00
-8.727157296671199660e+00
-8.769625215389794448e+00
-8.812196211581007077e+00
-8.854870285244837547e+00
-9.250303736355105499e+00
-9.294883513397781627e+00
-9.339570453366039970e+00
-9.384364556259880530e+00
-9.429265822079305082e+00
-9.474274250824315402e+00
-9.519389842494906162e+00
-9.564612597091082691e+00
-9.609942514612839659e+00
-9.133197874930669258e+00
-9.176278996982230041e+00
-9.219461486379792348e+00
-9.262745343123359731e+00
-9.306130567212930416e+00
-9.349617158648504400e+00
-9.393205117430083462e+00
-9.436894443557664047e+00
-9.480685137031251486e+00
-9.297235936382261201e+00
-9.340179289437143595e+00
-9.383221590310126814e+00
-9.426362839001207306e+00
-9.469603035510386846e+00
-9.512942179837665435e+00
-9.556380271983043073e+00
-9.599917311946519760e+00
-9.643553299728093720e+00
-1.137771913595712903e+01
-1.142920202797503570e+01
-1.148080113419614179e+01
-1.153251645462044905e+01
-1.158434798924795572e+01
-1.163629573807866358e+01
-1.168835970111257261e+01
-1.174053987834968282e+01
-1.179283626978999422e+01
-1.453532376312148422e+01
-1.459978196162756525e+01
-1.466438276676751151e+01
-1.472912617854131767e+01
-1.479401219694898906e+01
-1.485904082199052390e+01
-1.492421205366592041e+01
-1.498952589197518037e+01
-1.505498233691830379e+01
-1.287155133714697008e+01
-1.292751460383021644e+01
-1.298359926588587854e+01
-1.303980532331395636e+01
-1.309613277611444815e+01
-1.315258162428735567e+01
-1.320915186783267714e+01
-1.326584350675041435e+01
-1.332265654104056551e+01
-9.268441065943157753e+00
-9.307965334881080466e+00
-9.347573698008234899e+00
-9.387266155324617500e+00
-9.427042706830231822e+00
-9.466903352525074311e+00
-9.506848092409144968e+00
-9.546876926482447345e+00
-9.586989854744977890e+00
-8.480549637799763119e+00
-8.516033109087628006e+00
-8.551590658603650752e+00
-8.587222286347833133e+00
-8.622927992320173374e+00
-8.658707776520673249e+00
-8.694561638949329208e+00
-8.730489579606144801e+00
-8.766491598491118253e+00
-1.287227646841731499e+01
-1.292514002680917429e+01
-1.297811191216494997e+01
-1.303119212448464204e+01
-1.308438066376825226e+01
-1.313767753001578065e+01
-1.319108272322722719e+01
-1.324459624340259190e+01
-1.329821809054187298e+01
-1.465548086926153637e+01
-1.471457555018597851e+01
-1.477378913388893977e+01
-1.483312162037042015e+01
-1.489257300963042141e+01
-1.495214330166894356e+01
-1.501183249648598483e+01
-1.507164059408154699e+01
-1.513156759445562827e+01
-1.151358004811857860e+01
-1.155917838494280936e+01
-1.160486683705720878e+01
-1.165064540446177332e+01
-1.169651408715650476e+01
-1.174247288514140308e+01
-1.178852179841646652e+01
-1.183466082698169686e+01
-1.188088997083709586e+01
-8.321450720065136863e+00
-8.353829905746323448e+00
-8.386271963632717430e+00
-8.418776893724317034e+00
-8.451344696021122260e+00
-8.483975370523134885e+00
-8.516668917230353131e+00
-8.549425336142776999e+00
-8.582244627260408265e+00
-9.786734820842541538e+00
-9.824160193006374442e+00
-9.861656987636170157e+00
-9.899225204731926908e+00
-9.936864844293646470e+00
-9.974575906321327068e+00
-1.001235839081496692e+01
-1.005021229777456959e+01
-1.008813762720013507e+01
-1.387887115354771694e+01
-1.393104736089188300e+01
-1.398332145980704944e+01
-1.403569345029321802e+01
-1.408816333235038876e+01
-1.414073110597856164e+01
-1.419339677117773846e+01
-1.424616032794791387e+01
-1.429902177628909499e+01
-1.426404981162600372e+01
-1.431678197359134863e+01
-1.436961142736843833e+01
-1.442253817295727103e+01
-1.447556221035785029e+01
-1.452868353957017256e+01
-1.458190216059423960e+01
-1.463521807343004966e+01
-1.468863127807760449e+01
-1.233820976391875490e+01
-1.238307598124209541e+01
-1.242802362545713102e+01
-1.247305269656385995e+01
-1.251816319456228221e+01
-1.256335511945239780e+01
-1.260862847123421027e+01
-1.265398324990771428e+01
-1.269941945547291162e+01
-9.852494392106939003e+00
-9.887744819270112728e+00
-9.923058193624648027e+00
-9.958434515170546675e+00
-9.993873783907808672e+00
-1.002937599983643402e+01
-1.006494116295642094e+01
-1.010056927326777121e+01
-1.013626033077048483e+01
-1.034545276245908596e+01
-1.038188041303112641e+01
-1.041837208407868687e+01
-1.045492777560177089e+01
-1.049154748760037492e+01
-1.052823122007450252e+01
-1.056497897302415190e+01
-1.060179074644932307e+01
-1.063866654035001780e+01
-1.402357427654781397e+01
-1.407218285289633286e+01
-1.412087552712780791e+01
-1.416965229924223912e+01
-1.421851316923962649e+01
-1.426745813711997002e+01
-1.431648720288326793e+01
-1.436560036652952377e+01
-1.441479762805873399e+01
-1.906339564854514279e+01
-1.912845843232857490e+01
-1.919363205560737384e+01
-1.925891651838155028e+01
-1.932431182065109709e+01
-1.938981796241601785e+01
-1.945543494367630899e+01
-1.952116276443197052e+01
-1.958700142468300598e+01
-2.021206576299751134e+01
-2.028000547984792590e+01
-2.034805918951184367e+01
-2.041622689198927176e+01
-2.048450858728020307e+01
-2.055290427538464471e+01
-2.062141395630259311e+01
-2.069003763003405183e+01
-2.075877529657901377e+01
-1.237214690101782821e+01
-1.241311427486225938e+01
-1.245414936337419931e+01
-1.249525216655365156e+01
-1.253642268440061791e+01
-1.257766091691509303e+01
-1.261896686409708046e+01
-1.266034052594657844e+01
-1.270178190246358874e+01
-8.737702086188759765e+00
-8.766210086469962803e+00
-8.794764516719050462e+00
-8.823365376936024518e+00
-8.852012667120881417e+00
-8.880706387273622937e+00
-8.909446537394250853e+00
-8.938233117482761614e+00
-8.967066127539156994e+00
-1.977743296009366958e+01
-1.984102599211969320e+01
-1.990472109963853953e+01
-1.996851828265020146e+01
-2.003241754115467899e+01
-2.009641887515197922e+01
-2.016052228464209861e+01
-2.022472776962503360e+01
-2.028903533010079130e+01
-3.239432227247340990e+01
-3.249699841279820589e+01
-3.259983701537034761e+01
-3.270283808018984217e+01
-3.280600160725668957e+01
-3.290932759657088269e+01
-3.301281604813242865e+01
-3.311646696194132033e+01
-3.322028033799756486e+01
-2.797403006388682911e+01
-2.806144890783647838e+01
-2.814900413063783802e+01
-2.823669573229091512e+01
-2.832452371279570613e+01
-2.841248807215221817e+01
-2.850058881036043701e+01
-2.858882592742038042e+01
-2.867719942333203420e+01
-6.910437796583188685e+00
-6.931733444646619446e+00
-6.953061855245532108e+00
-6.974423028379926670e+00
-6.995816964049804021e+00
-7.017243662255163272e+00
-7.038703122996005312e+00
-7.060195346272328365e+00
-7.081720332084134206e+00
-7.398979775048061036e+00
-7.421469075276170280e+00
-7.443992501908268444e+00
-7.466550054944353754e+00
-7.489141734384427096e+00
-7.511767540228489359e+00
-7.534427472476538767e+00
-7.557121531128577097e+00
-7.579849716184602570e+00
-2.624620054479728992e+01
-2.632489979680567771e+01
-2.640371686206557200e+01
-2.648265174057697990e+01
-2.656170443233989431e+01
-2.664087493735432233e+01
-2.672016325562026040e+01
-2.679956938713770143e+01
-2.687909333190665961e+01
-3.727267104170175571e+01
-3.738294521638134427e+01
-3.749338227758187969e+01
-3.760398222530336199e+01
-3.771474505954579115e+01
-3.782567078030916008e+01
-3.793675938759347588e+01
-3.804801088139873144e+01
-3.815942526172493388e+01
-2.165859828083686978e+01
-2.172183506413858112e+01
-2.178516402934015517e+01
-2.184858517644157772e+01
-2.191209850544286653e+01
-2.197570401634400383e+01
-2.203940170914500030e+01
-2.210319158384585592e+01
-2.216707364044656714e+01
-6.055327930527710123e+00
-6.072778443295802298e+00
-6.090254064715358240e+00
-6.107754794786378838e+00
-6.125280633508865868e+00
-6.142831580882816667e+00
-6.160407636908232121e+00
-6.178008801585112231e+00
-6.195635074913457885e+00
-6.157739601085111758e+00
-6.175258063677103948e+00
-6.192801410448913302e+00
-6.210369641400541596e+00
-6.227962756531987942e+00
-6.245580755843252341e+00
-6.263223639334334791e+00
-6.280891407005236182e+00
-6.298584058855954737e+00
-1.579274243679880030e+01
-1.583710407285722432e+01
-1.588152792719903772e+01
-1.592601399982424759e+01
-1.597056229073284506e+01
-1.601517279992483722e+01
-1.605984552740022053e+01
-1.610458047315899677e+01
-1.614937763720116237e+01
-2.517881889077417412e+01
-2.524866304858491972e+01
-2.531860394345634546e+01
-2.538864157538845490e+01
-2.545877594438124092e+01
-2.552900705043470353e+01
-2.559933489354884983e+01
-2.566975947372367628e+01
-2.574028079095917931e+01
-2.252746403995124425e+01
-2.258918311951275371e+01
-2.265098663009965563e+01
-2.271287457171195001e+01
-2.277484694434963686e+01
-2.283690374801271616e+01
-2.289904498270118438e+01
-2.296127064841504861e+01
-2.302358074515430175e+01
-7.558511897901687426e+00
-7.578967951752571430e+00
-7.599451648919469449e+00
-7.619962989402384146e+00
-7.640501973201311969e+00
-7.661068600316254695e+00
-7.681662870747213212e+00
-7.702284784494184855e+00
-7.722934341557171400e+00
4.835693057068771950e+00
4.848622717649170077e+00
4.861569640793760527e+00
4.874533826502543299e+00
4.887515274775520169e+00
4.900513985612688472e+00
4.913529959014050874e+00
4.926563194979604710e+00
4.939613693509352643e+00
-2.350627251654342942e+00
-2.356837627484341002e+00
-2.363056196422294697e+00
-2.369282958468202693e+00
-2.375517913622066324e+00
-2.381761061883885588e+00
-2.388012403253659599e+00
-2.394271937731388356e+00
-2.400539665317072746e+00
-2.439499341260914633e+01
-2.445868791238097373e+01
-2.452246545582916326e+01
-2.458632604295371848e+01
-2.465026967375463585e+01
-2.471429634823191890e+01
-2.477840606638557119e+01
-2.484259882821558563e+01
-2.490687463372196575e+01
-1.974074029690371290e+01
-1.979168414283120825e+01
-1.984269363804468966e+01
-1.989376878254416070e+01
-1.994490957632962136e+01
-1.999611601940107164e+01
-2.004738811175851154e+01
-2.009872585340193751e+01
-2.015012924433135311e+01
2.650972450492517396e+00
2.657735135315202335e+00
2.664506435023012099e+00
2.671286349615945799e+00
2.678074879094003879e+00
2.684872023457186785e+00
2.691677782705493627e+00
2.698492156838925737e+00
2.705315145857481784e+00
1.329796971328898536e+01
1.333150809844229912e+01
1.336508872337540232e+01
1.339871158808829676e+01
1.343237669258098066e+01
1.346608403685345579e+01
1.349983362090572037e+01
1.353362544473777440e+01
1.356745950834961789e+01
-7.319794888076982531e+00
-7.338048740665703562e+00
-7.356325325324895026e+00
-7.374624642054559587e+00
-7.392946690854694580e+00
-7.411291471725301783e+00
-7.429658984666381194e+00
-7.448049229677931038e+00
-7.466462206759953091e+00
-2.514624199653998815e+01
-2.520825492378176236e+01
-2.527034422162359206e+01
-2.533250989006546661e+01
-2.539475192910740020e+01
-2.545707033874937864e+01
-2.551946511899140901e+01
-2.558193626983349844e+01
-2.564448379127562916e+01
-1.260364302340260068e+01
-1.263438361614260863e+01
-1.266516165174831343e+01
-1.269597713021972041e+01
-1.272683005155682956e+01
-1.275772041575963733e+01
-1.278864822282814551e+01
-1.281961347276235408e+01
-1.285061616556226305e+01
8.650425159123575014e+00
8.671294701123873239e+00
8.692189387150676794e+00
8.713109217203987455e+00
8.734054191283805224e+00
8.755024309390128323e+00
8.776019571522958529e+00
8.797039977682295842e+00
8.818085527868138485e+00
1.078763509579152924e+01
1.081338124160487446e+01
1.083915807412359911e+01
1.086496559334770318e+01
1.089080379927718489e+01
1.091667269191204959e+01
1.094257227125229015e+01
1.096850253729791191e+01
1.099446349004891310e+01
-7.331962313379080776e+00
-7.349275093339834086e+00
-7.366608289314691582e+00
-7.383961901303655040e+00
-7.401335929306722683e+00
-7.418730373323894511e+00
-7.436145233355171413e+00
-7.453580509400553389e+00
-7.471036201460038662e+00
-1.788677827746470328e+01
-1.792856981549616080e+01
-1.797041011844947533e+01
-1.801229918632465044e+01
-1.805423701912167900e+01
-1.809622361684056813e+01
-1.813825897948131427e+01
-1.818034310704391388e+01
-1.822247599952837405e+01
-1.314649893308794759e+01
-1.317689546241300569e+01
-1.320732709165645424e+01
-1.323779382081829148e+01
-1.326829564989851917e+01
-1.329883257889713377e+01
-1.332940460781413883e+01
-1.336001173664953434e+01
-1.339065396540331676e+01
4.371503324992398021e+00
4.381506765095355860e+00
4.391521637701288228e+00
4.401547942810195124e+00
4.411585680422076550e+00
4.421634850536933392e+00
4.431695453154765652e+00
4.441767488275571552e+00
4.451850955899352869e+00
1.792872775523207807e+01
1.796933642511935147e+01
1.800999103241600352e+01
1.805069157712202710e+01
1.809143805923742576e+01
1.813223047876220306e+01
1.817306883569635190e+01
1.821395313003987582e+01
1.825488336179277482e+01
5.053743410592452356e+00
5.065074673844901731e+00
5.076418626081956376e+00
5.087775267303616289e+00
5.099144597509881471e+00
5.110526616700751923e+00
5.121921324876227644e+00
5.133328722036307745e+00
5.144748808180994004e+00
-3.347329925443209930e+01
-3.354760180549632764e+01
-3.362198673189432441e+01
-3.369645403362609670e+01
-3.377100371069163742e+01
-3.384563576309095367e+01
-3.392035019082404546e+01
-3.399514699389091277e+01
-3.407002617229155561e+01
-5.428589201000268361e+01
-5.440520166277192260e+01
-5.452464228113146305e+01
-5.464421386508131917e+01
-5.476391641462146964e+01
-5.488374992975193578e+01
-5.500371441047270338e+01
-5.512380985678377954e+01
-5.524403626868516426e+01
-2.617239706869971982e+00
-2.622935549539983313e+00
-2.628637583343330864e+00
-2.634345808280015522e+00
-2.640060224350037288e+00
-2.645780831553396162e+00
-2.651507629890091700e+00
-2.657240619360124345e+00
-2.662979799963493655e+00
4.921150335370388973e+01
4.931756262817307856e+01
4.942373606763093363e+01
4.953002367207745493e+01
4.963642544151263536e+01
4.974294137593648202e+01
4.984957147534899491e+01
4.995631573975016693e+01
5.006317416914000518e+01
-1.266421871375755259e+01
-1.269125013043579742e+01
-1.271831036525549052e+01
-1.274539941821663014e+01
-1.277251728931921981e+01
-1.279966397856325599e+01
-1.282683948594874046e+01
-1.285404381147567321e+01
-1.288127695514405424e+01
-1.284384121916552317e+02
-1.287099521751471229e+02
-1.289817788956859772e+02
-1.292538923532717945e+02
-1.295262925479046032e+02
-1.297989794795844034e+02
-1.300719531483111950e+02
-1.303452135540849497e+02
-1.306187606969056958e+02
-1.276764023123940603e+02
-1.279437874481268267e+02
-1.282114522754241648e+02
-1.284793967942860604e+02
-1.287476210047125562e+02
-1.290161249067036238e+02
-1.292849085002592346e+02
-1.295539717853794457e+02
-1.298233147620642285e+02
1.096919093627031216e+01
1.099194859381444189e+01
1.101472983442338460e+01
1.103753465809713852e+01
1.106036306483570542e+01
1.108321505463908530e+01
1.110609062750727816e+01
1.112898978344028222e+01
1.115191252243809927e+01
3.606603440824630979e+01
3.614016808637219924e+01
3.621437787710397771e+01
3.628866378044162389e+01
3.636302579638515198e+01
3.643746392493455488e+01
3.651197816608983970e+01
3.658656851985100644e+01
3.666123498621804799e+01
-1.065072662208657022e+02
-1.067241852966719478e+02
-1.069413250429520588e+02
-1.071586854597060210e+02
-1.073762665469338486e+02
-1.075940683046355417e+02
-1.078120907328111002e+02
-1.080303338314605099e+02
-1.082487976005837993e+02
-2.204386890410863771e+02
-2.208835703509573705e+02
-2.213289001298907692e+02
-2.217746783778864881e+02
-2.222209050949446407e+02
-2.226675802810651135e+02
-2.231147039362479916e+02
-2.235622760604932182e+02
-2.240102966538008218e+02
-1.523534793502884384e+02
-1.526581863089890305e+02
-1.529631976702457621e+02
-1.532685134340586046e+02
-1.535741336004276150e+02
-1.538800581693527647e+02
-1.541862871408340823e+02
-1.544928205148715108e+02
-1.547996582914651071e+02
-3.441664111358971212e+01
-3.448486042204083191e+01
-3.455314727436170585e+01
-3.462150167055232686e+01
-3.468992361061270913e+01
-3.475841309454283845e+01
-3.482697012234272904e+01
-3.489559469401237379e+01
-3.496428680955176560e+01
-2.302505904608923615e+01
-2.307029491847841030e+01
-2.311557518328405791e+01
-2.316089984050618611e+01
-2.320626889014478778e+01
-2.325168233219986291e+01
-2.329714016667141863e+01
-2.334264239355945136e+01
-2.338818901286395757e+01
-8.592083381362877503e+01
-8.608815773536903748e+01
-8.625564442357014627e+01
-8.642329387823208720e+01
-8.659110609935486025e+01
-8.675908108693849385e+01
-8.692721884098294538e+01
-8.709551936148822904e+01
-8.726398264845435904e+01
-1.689104504237004107e+02
-1.692365323743253214e+02
-1.695629287723471634e+02
-1.698896396177659369e+02
-1.702166649105816703e+02
-1.705440046507943066e+02
-1.708716588384039312e+02
-1.711996274734104588e+02
-1.715279105558139179e+02
-1.817592943509336294e+02
-1.821071590291172413e+02
-1.824553562739147878e+02
-1.828038860853262690e+02
-1.831527484633517133e+02
-1.835019434079910639e+02
-1.838514709192444059e+02
-1.842013309971116541e+02
-1.845515236415928371e+02
-8.049117648557866289e+01
-8.064391116581695940e+01
-8.079679061826399789e+01
-8.094981484291979257e+01
-8.110298383978435766e+01
-8.125629760885767894e+01
-8.140975615013974220e+01
-8.156335946363057587e+01
-8.171710754933016574e+01
2.202357561280680542e+01
2.206501225554021417e+01
2.210648784248671816e+01
2.214800237364631741e+01
2.218955584901901190e+01
2.223114826860480164e+01
2.227277963240368663e+01
2.231444994041566687e+01
2.235615919264074591e+01
-2.938792739154053635e+01
-2.944275561428594656e+01
-2.949763493509542656e+01
-2.955256535396897277e+01
-2.960754687090659232e+01
-2.966257948590827453e+01
-2.971766319897403008e+01
-2.977279801010385185e+01
-2.982798391929774340e+01
-1.862448926843751735e+02
-1.865894715792583725e+02
-1.869343689389243082e+02
-1.872795847633728954e+02
-1.876251190526042478e+02
-1.879709718066182518e+02
-1.883171430254149641e+02
-1.886636327089943848e+02
-1.890104408573565138e+02
-2.020089933577814634e+02
-2.023796520611902565e+02
-2.027506505067653109e+02
-2.031219886945066264e+02
-2.034936666244142316e+02
-2.038656842964881264e+02
-2.042380417107282824e+02
-2.046107388671347280e+02
-2.049837757657074349e+02
-4.567503510927089394e+01
-4.575815619227229547e+01
-4.584135283989460419e+01
-4.592462505213783430e+01
-4.600797282900196450e+01
-4.609139617048700899e+01
-4.617489507659296777e+01
-4.625846954731982663e+01
-4.634211958266760689e+01
4.756501683567997674e+01
4.765087426679131255e+01
4.773680911668633797e+01
4.782282138536505300e+01
4.790891107282745764e+01
4.799507817907355189e+01
4.808132270410332865e+01
4.816764464791680211e+01
4.825404401051396519e+01
-6.819472251877748192e+01
-6.831682587154162434e+01
-6.843903844018481664e+01
-6.856136022470703040e+01
-6.868379122510829404e+01
-6.880633144138859336e+01
-6.892898087354794256e+01
-6.905173952158631323e+01
-6.917460738550373378e+01
-1.998010415957247119e+02
-2.001559279928752062e+02
-2.005111292847880406e+02
-2.008666454714631868e+02
-2.012224765529007016e+02
-2.015786225291004996e+02
-2.019350834000626662e+02
-2.022918591657871445e+02
-2.026489498262739914e+02
-1.475325964606531670e+02
-1.477925657936234813e+02
-1.480527639728375959e+02
-1.483131909982955392e+02
-1.485738468699972827e+02
-1.488347315879428550e+02
-1.490958451521322274e+02
-1.493571875625654002e+02
-1.496187588192424016e+02
-6.654525117208205387e+00
-6.666158902378149342e+00
-6.677802848059159579e+00
-6.689456954251235210e+00
-6.701121220954375346e+00
-6.712795648168581764e+00
-6.724480235893854463e+00
-6.736174984130190779e+00
-6.747879892877593377e+00
1.278048353375249491e+01
1.280265262921433767e+01
1.282484093533082792e+01
1.284704845210196211e+01
1.286927517952774380e+01
1.289152111760817299e+01
1.291378626634324611e+01
1.293607062573296851e+01
1.295837419577733485e+01
-8.016735817270776465e+01
-8.030533985630968630e+01
-8.044344018280376929e+01
-8.058165915219002784e+01
-8.071999676446847616e+01
-8.085845301963908582e+01
-8.099702791770187105e+01
-8.113572145865684604e+01
-8.127453364250398238e+01
-1.446919179518430951e+02
-1.449390433454414620e+02
-1.451863795968842226e+02
-1.454339267061713201e+02
-1.456816846733027830e+02
-1.459296534982786113e+02
-1.461778331810988050e+02
-1.464262237217633924e+02
-1.466748251202723168e+02
-1.229231735863674544e+02
-1.231315179483782458e+02
-1.233400387239047120e+02
-1.235487359129468530e+02
-1.237576095155046687e+02
-1.239666595315781450e+02
-1.241758859611673103e+02
-1.243852888042721503e+02
-1.245948680608926651e+02
-5.041160114160958727e+01
-5.049639777935830409e+01
-5.058126567478579716e+01
-5.066620482789206648e+01
-5.075121523867711915e+01
-5.083629690714095517e+01
-5.092144983328357455e+01
-5.100667401710497018e+01
-5.109196945860514916e+01
2.210108175644973016e+01
2.213797838709488630e+01
2.217490579057627897e+01
2.221186396689390463e+01
2.224885291604776683e+01
2.228587263803786556e+01
2.232292313286419727e+01
2.236000440052676197e+01
2.239711644102555965e+01
-1.548028023740261938e+00
-1.550593107458141162e+00
-1.553160314589694391e+00
-1.555729645134921624e+00
-1.558301099093822195e+00
-1.560874676466396549e+00
-1.563450377252644907e+00
-1.566028201452566604e+00
-1.568608149066162305e+00
-1.524897604473247270e+02
-1.527405659743762385e+02
-1.529915775864951968e+02
-1.532427952836815734e+02
-1.534942190659353400e+02
-1.537458489332565534e+02
-1.539976848856451852e+02
-1.542497269231012069e+02
-1.545019750456246754e+02
-2.338327680068044288e+02
-2.342145357913053374e+02
-2.345966149687789084e+02
-2.349790055392251702e+02
-2.353617075026440943e+02
-2.357447208590357093e+02
-2.361280456083999866e+02
-2.365116817507369547e+02
-2.368956292860465851e+02
-7.656960643174299719e+01
-7.669370628009266966e+01
-7.681790661414950705e+01
-7.694220743391349515e+01
-7.706660873938466239e+01
-7.719111053056298033e+01
-7.731571280744847741e+01
-7.744041557004113940e+01
-7.756521881834096632e+01
1.171997529548325048e+02
1.173883285830784047e+02
1.175770557994499086e+02
1.177659346039470165e+02
1.179549649965697284e+02
1.181441469773180302e+02
1.183334805461919501e+02
1.185229657031914456e+02
1.187126024483165594e+02
-9.206553610767567619e+00
-9.221260565417356503e+00
-9.235979257461119474e+00
-9.250709686898856532e+00
-9.265451853730567677e+00
-9.280205757956254686e+00
-9.294971399575914006e+00
-9.309748778589547413e+00
-9.324537894997156684e+00
-3.322695701853247101e+02
-3.327965639524703647e+02
-3.333239753058023211e+02
-3.338518042453206363e+02
-3.343800507710252532e+02
-3.349087148829161720e+02
-3.354377965809935063e+02
-3.359672958652570856e+02
-3.364972127357070235e+02
-3.392940786132639346e+02
-3.398283999969067963e+02
-3.403631417750294190e+02
-3.408983039476316321e+02
-3.414338865147136062e+02
-3.419698894762751138e+02
-3.425063128323163824e+02
-3.430431565828371845e+02
-3.435804207278377476e+02
-5.772809150992797100e+01
-5.781836217687077806e+01
-5.790870336777214078e+01
-5.799911508263205207e+01
-5.808959732145051191e+01
-5.818015008422752032e+01
-5.827077337096307730e+01
-5.836146718165717573e+01
-5.845223151630983693e+01
9.379224993112275399e+01
9.393789007076736652e+01
9.408364319733178149e+01
9.422950931081599890e+01
9.437548841122006138e+01
9.452158049854392630e+01
9.466778557278762207e+01
9.481410363395112029e+01
9.496053468203444936e+01
-1.325180069393491067e+02
-1.327223523625400787e+02
-1.329268552167196447e+02
-1.331315155018878329e+02
-1.333363332180445582e+02
-1.335413083651899058e+02
-1.337464409433238473e+02
-1.339517309524463542e+02
-1.341571783925574834e+02
-3.267563891453910401e+02
-3.272567817780791870e+02
-3.277575572666455628e+02
-3.282587156110899400e+02
-3.287602568114124324e+02
-3.292621808676130968e+02
-3.297644877796918195e+02
-3.302671775476486573e+02
-3.307702501714836103e+02
-2.385927195259882865e+02
-2.389555981868643357e+02
-2.393187525914036655e+02
-2.396821827396062190e+02
-2.400458886314720814e+02
-2.404098702670012244e+02
-2.407741276461936764e+02
-2.411386607690493804e+02
-2.415034696355683366e+02
-3.409549908028745335e+01
-3.414700285533320567e+01
-3.419854550115257297e+01
-3.425012701774556234e+01
-3.430174740511217379e+01
-3.435340666325240022e+01
-3.440510479216624873e+01
-3.445684179185371931e+01
-3.450861766231480487e+01
7.009217422850613843e+01
7.019733878098701041e+01
7.030258216746526045e+01
7.040790438794086015e+01
7.051330544241382370e+01
7.061878533088415111e+01
7.072434405335184238e+01
7.082998160981689750e+01
7.093569800027930228e+01
2.863080332315835008e+01
2.867347218056991309e+01
2.871617280928260030e+01
2.875890520929641525e+01
2.880166938061135085e+01
2.884446532322741774e+01
2.888729303714460528e+01
2.893015252236292056e+01
2.897304377888236360e+01
-8.587761803545188855e+01
-8.600474996444589237e+01
-8.613197592593175500e+01
-8.625929591990949064e+01
-8.638670994637907086e+01
-8.651421800534052409e+01
-8.664182009679383611e+01
-8.676951622073899273e+01
-8.689730637717602235e+01
-1.453973542315761449e+02
-1.456111738701519869e+02
-1.458251506135320881e+02
-1.460392844617164201e+02
-1.462535754147049829e+02
-1.464680234724978050e+02
-1.466826286350948862e+02
-1.468973909024961984e+02
-1.471123102747017413e+02
-4.449526787876251888e+00
-4.456027192241300838e+00
-4.462532341427055016e+00
-4.469042235433512644e+00
-4.475556874260675499e+00
-4.482076257908542694e+00
-4.488600386377114226e+00
-4.495129259666390098e+00
-4.501662877776369420e+00
2.111445918561688018e+02
2.114510426426073479e+02
2.117577156558671163e+02
2.120646108959480785e+02
2.123717283628502344e+02
2.126790680565736125e+02
2.129866299771181843e+02
2.132944141244839784e+02
2.136024204986709378e+02
1.729291682596845021e+02
1.731785253876725221e+02
1.734280621677700367e+02
1.736777785999770174e+02
1.739276746842935495e+02
1.741777504207195477e+02
1.744280058092550973e+02
1.746784408499001131e+02
1.749290555426546234e+02
-3.219245685375732080e+01
-3.223857785211514226e+01
-3.228473186478817070e+01
-3.233091889177642742e+01
-3.237713893307989110e+01
-3.242339198869858308e+01
-3.246967805863248202e+01
-3.251599714288160214e+01
-3.256234924144593634e+01
-1.155712267373784670e+02
-1.157357409391398591e+02
-1.159003721495796100e+02
-1.160651203686977055e+02
-1.162299855964941457e+02
-1.163949678329689448e+02
-1.165600670781220884e+02
-1.167252833319535910e+02
-1.168906165944634381e+02
9.097279399638266284e+01
9.110146838675943570e+01
9.123023371310115692e+01
9.135908997540778387e+01
9.148803717367935917e+01
9.161707530791586862e+01
9.174620437811729801e+01
9.187542438428366154e+01
9.200473532641495922e+01
2.608665947579118551e+02
2.612332378988224946e+02
2.616001385138489468e+02
2.619672966029911549e+02
2.623347121662492327e+02
2.627023852036230664e+02
2.630703157151127698e+02
2.634385037007182291e+02
2.638069491604395012e+02
1.428256593888825705e+02
1.430251365668000005e+02
1.432247529472142560e+02
1.434245085301252800e+02
1.436244033155331294e+02
1.438244373034377759e+02
1.440246104938392193e+02
1.442249228867374597e+02
1.444253744821324972e+02
-4.874007618798254526e+01
-4.880772376076253494e+01
-4.887541824586761408e+01
-4.894315964329778268e+01
-4.901094795305304785e+01
-4.907878317513338828e+01
-4.914666530953883239e+01
-4.921459435626936596e+01
-4.928257031532498189e+01
-3.988968070929870890e+01
-3.994470095855291447e+01
-3.999975912665567535e+01
-4.005485521360699153e+01
-4.010998921940686301e+01
-4.016516114405528981e+01
-4.022037098755227902e+01
-4.027561874989780932e+01
-4.033090443109190915e+01
1.496206070365145990e+02
1.498257072517805284e+02
1.500309479466459948e+02
1.502363291211109413e+02
1.504418507751753964e+02
1.506475129088393317e+02
1.508533155221027755e+02
1.510592586149657279e+02
1.512653421874281605e+02
2.209265451481279285e+02
2.212275349916539824e+02
2.215287297295595579e+02
2.218301293618446550e+02
2.221317338885093307e+02
2.224335433095534995e+02
2.227355576249771900e+02
2.230377768347804306e+02
2.233402009389631644e+02
1.471185674020798047e+02
1.473177800864428093e+02
1.475171275561132234e+02
1.477166098110910468e+02
1.479162268513763365e+02
1.481159786769690072e+02
1.483158652878690873e+02
1.485158866840766052e+02
1.487160428655915325e+02
5.340656999869562327e+01
5.347844963530221918e+01
5.355037761060187762e+01
5.362235392459462702e+01
5.369437857728045316e+01
5.376645156865934894e+01
5.383857289873132856e+01
5.391074256749638494e+01
5.398296057495451805e+01
4.935320608782900109e+01
4.941923044379934282e+01
4.948529893369747157e+01
4.955141155752338733e+01
4.961756831527708300e+01
4.968376920695857990e+01
4.975001423256785671e+01
4.981630339210492053e+01
4.988263668556977137e+01
2.051577324604219825e+02
2.054305485940129756e+02
2.057035460007824099e+02
2.059767246807303422e+02
2.062500846338567158e+02
2.065236258601615873e+02
2.067973483596448716e+02
2.070712521323066824e+02
2.073453371781469059e+02
2.076196034971656275e+02
2.078940510893628186e+02
2.081686799547384510e+02
2.084434900932925530e+02
2.087184815050251245e+02
2.089936541899361657e+02
2.092690081480256765e+02
2.095445433792936569e+02
2.314610160744024370e+02
2.317653698102004398e+02
2.320699235156014879e+02
2.323746771906055528e+02
2.326796308352126630e+02
2.329847844494227616e+02
2.332901380332359054e+02
2.335956915866520660e+02
2.339014451096712435e+02
2.342073986022934662e+02
2.345135520645186773e+02
2.348199054963469337e+02
2.351264588977781784e+02
2.354332122688124684e+02
2.357401656094497469e+02
2.360473189196900989e+02
2.363546721995334110e+02
-4.648183776832844893e-01
-4.654228229078400947e-01
-4.660276608843285651e-01
-4.666328916127497894e-01
-4.672385150931037678e-01
-4.678445313253905002e-01
-4.684509403096100422e-01
-4.690577420457623936e-01
-4.696649365338475546e-01
-4.702725237738654696e-01
-4.708805037658161941e-01
-4.714888765096996726e-01
-4.720976420055159606e-01
-4.727068002532649471e-01
-4.733163512529467987e-01
-4.739262950045614042e-01
-4.745366315081088193e-01
3.077972338795404426e+02
3.081931145662022118e+02
3.085892496748991221e+02
3.089856392056311734e+02
3.093822831583983088e+02
3.097791815332006422e+02
3.101763343300380598e+02
3.105737415489106752e+02
3.109714031898183748e+02
3.113693192527611586e+02
3.117674897377391403e+02
3.121659146447522062e+02
3.125645939738004699e+02
3.129635277248837610e+02
3.133627158980022500e+02
3.137621584931558232e+02
3.141618555103445942e+02
-5.059556279326293549e+01
-5.065993373829252988e+01
-5.072434560572837370e+01
-5.078879839557047404e+01
-5.085329210781880960e+01
-5.091782674247340879e+01
-5.098240229953424318e+01
-5.104701877900134122e+01
-5.111167618087468156e+01
-5.117637450515426423e+01
-5.124111375184010342e+01
-5.130589392093219203e+01
-5.137071501243052296e+01
-5.143557702633511042e+01
-5.150047996264594019e+01
-5.156542382136301939e+01
-5.163040860248635511e+01
-1.045880680421474374e+01
-1.047197081529619744e+01
-1.048514310562990381e+01
-1.049832367521586107e+01
-1.051151252405407277e+01
-1.052470965214453535e+01
-1.053791505948725238e+01
-1.055112874608222029e+01
-1.056435071192944086e+01
-1.057758095702891410e+01
-1.059081948138064000e+01
-1.060406628498461856e+01
-1.061732136784084979e+01
-1.063058472994933190e+01
-1.064385637131006845e+01
-1.065713629192305589e+01
-1.067042449178829600e+01
2.337825980028645390e+01
2.340737344885468119e+01
2.343650521419239752e+01
2.346565509629959934e+01
2.349482309517629375e+01
2.352400921082247720e+01
2.355321344323814614e+01
2.358243579242330767e+01
2.361167625837795470e+01
2.364093484110208720e+01
2.367021154059571586e+01
2.369950635685882645e+01
2.372881928989143319e+01
2.375815033969352186e+01
2.378749950626510312e+01
2.381686678960616987e+01
2.384625218971672567e+01
-2.413918860305862495e+02
-2.416893498457810665e+02
-2.419869968283497599e+02
-2.422848269782923580e+02
-2.425828402956088041e+02
-2.428810367802991550e+02
-2.431794164323634391e+02
-2.434779792518015427e+02
-2.437767252386136079e+02
-2.440756543927995210e+02
-2.443747667143593105e+02
-2.446740622032929764e+02
-2.449735408596005755e+02
-2.452732026832820509e+02
-2.455730476743374311e+02
-2.458730758327666592e+02
-2.461732871585697637e+02
-4.358403996264759428e+01
-4.363719123089472873e+01
-4.369037488870203134e+01
-4.374359093606951632e+01
-4.379683937299717655e+01
-4.385012019948500495e+01
-4.390343341553300860e+01
-4.395677902114119462e+01
-4.401015701630954169e+01
-4.406356740103807823e+01
-4.411701017532678293e+01
-4.417048533917566289e+01
-4.422399289258472521e+01
-4.427753283555394859e+01
-4.433110516808335433e+01
-4.438470989017293533e+01
-4.443834700182269160e+01
-1.938196478974917625e+01
-1.940535883294742447e+01
-1.942876698594253426e+01
-1.945218924873451272e+01
-1.947562562132334563e+01
-1.949907610370904720e+01
-1.952254069589161034e+01
-1.954601939787103504e+01
-1.956951220964732130e+01
-1.959301913122046912e+01
-1.961654016259048205e+01
-1.964007530375735655e+01
-1.966362455472109616e+01
-1.968718791548169733e+01
-1.971076538603916006e+01
-1.973435696639348436e+01
-1.975796265654467376e+01
-6.359083361941338808e+01
-6.366680833102559234e+01
-6.374282840067457556e+01
-6.381889382836034486e+01
-6.389500461408290022e+01
-6.397116075784223455e+01
-6.404736225963836205e+01
-6.412360911947125430e+01
-6.419990133734094684e+01
-6.427623891324741123e+01
-6.435262184719067591e+01
-6.442905013917069823e+01
-6.450552378918752083e+01
-6.458204279724112951e+01
-6.465860716333151004e+01
-6.473521688745869085e+01
-6.481187196962264352e+01
2.101277878721417380e+02
2.103763127543087137e+02
2.106249845187936955e+02
2.108738031655967688e+02
2.111227686947178768e+02
2.113718811061570761e+02
2.116211403999143386e+02
2.118705465759896640e+02
2.121200996343830525e+02
2.123697995750945040e+02
2.126196463981240186e+02
2.128696401034716246e+02
2.131197806911372936e+02
2.133700681611209973e+02
2.136205025134227924e+02
2.138710837480426505e+02
2.141218118649805433e+02
1.192492337215571752e+02
1.193888698266175510e+02
1.195285876380003742e+02
1.196683871557056307e+02
1.198082683797333345e+02
1.199482313100835000e+02
1.200882759467560987e+02
1.202284022897511448e+02
1.203686103390686384e+02
1.205089000947085651e+02
1.206492715566709677e+02
1.207897247249557893e+02
1.209302595995630867e+02
1.210708761804927889e+02
1.212115744677449669e+02
1.213523544613195924e+02
1.214932161612166510e+02
1.717114219755044928e+02
1.719105076821427645e+02
1.721097087339181257e+02
1.723090251308306051e+02
1.725084568728801742e+02
1.727080039600668613e+02
1.729076663923906381e+02
1.731074441698515045e+02
1.733073372924494890e+02
1.735073457601845632e+02
1.737074695730567555e+02
1.739077087310660374e+02
1.741080632342124375e+02
1.743085330824959271e+02
1.745091182759165349e+02
1.747098188144742039e+02
1.749106346981690194e+02
2.377580496868990849e+02
2.380310210413042284e+02
2.383041490057807721e+02
2.385774335803286874e+02
2.388508747649479744e+02
2.391244725596386331e+02
2.393982269644006635e+02
2.396721379792340940e+02
2.399462056041388678e+02
2.402204298391150132e+02
2.404948106841625588e+02
2.407693481392814761e+02
2.410440422044717366e+02
2.413188928797333972e+02
2.415939001650664295e+02
2.418690640604708335e+02
2.421443845659466092e+02
1.043127004163419684e+02
1.044313049648540073e+02
1.045499769023140715e+02
1.046687162287221611e+02
1.047875229440782476e+02
1.049063970483823596e+02
1.050253385416344969e+02
1.051443474238346596e+02
1.052634236949828193e+02
1.053825673550790043e+02
1.055017784041232147e+02
1.056210568421154363e+02
1.057404026690556833e+02
1.058598158849439557e+02
1.059792964897802250e+02
1.060988444835645197e+02
1.062184598662968398e+02
1.945179229418328930e+02
1.947369746568574840e+02
1.949561496424026075e+02
1.951754478984682919e+02
1.953948694250545373e+02
1.956144142221613720e+02
1.958340822897887108e+02
1.960538736279366390e+02
1.962737882366050997e+02
1.964938261157941213e+02
1.967139872655037038e+02
1.969342716857337905e+02
1.971546793764844949e+02
1.973752103377557319e+02
1.975958645695475013e+02
1.978166420718598602e+02
1.980375428446927515e+02
1.494089240118335908e+02
1.495755820419639122e+02
1.497423329695469363e+02
1.499091767945826348e+02
1.500761135170710361e+02
1.502431431370121402e+02
1.504102656544059187e+02
1.505774810692523999e+02
1.507447893815515556e+02
1.509121905913034141e+02
1.510796846985079753e+02
1.512472717031652110e+02
1.514149516052751494e+02
1.515827244048377906e+02
1.517505901018531063e+02
1.519185486963211247e+02
1.520866001882418459e+02
1.277949375287727207e+02
1.279361474044951024e+02
1.280774352536441825e+02
1.282188010762199610e+02
1.283602448722224096e+02
1.285017666416515283e+02
1.286433663845073738e+02
1.287850441007898610e+02
1.289267997904990182e+02
1.290686334536349023e+02
1.292105450901974280e+02
1.293525347001866805e+02
1.294946022836025747e+02
1.296367478404451674e+02
1.297789713707144301e+02
1.299212728744104197e+02
1.300636523515330509e+02
1.430432933484360376e+02
1.431998815184945499e+02
1.433565553494775884e+02
1.435133148413851529e+02
1.436701599942172436e+02
1.438270908079739172e+02
1.439841072826551169e+02
1.441412094182608428e+02
1.442983972147911231e+02
1.444556706722459296e+02
1.446130297906252906e+02
1.447704745699291777e+02
1.449280050101575910e+02
1.450856211113105871e+02
1.452433228733881094e+02
1.454011102963901294e+02
1.455589833803167323e+02
1.142880423709257656e+02
1.144119990329332666e+02
1.145360228801234257e+02
1.146601139124962714e+02
1.147842721300517610e+02
1.149084975327899087e+02
1.150327901207107288e+02
1.151571498938141929e+02
1.152815768521003292e+02
1.154060709955691095e+02
1.155306323242205622e+02
1.156552608380546872e+02
1.157799565370714561e+02
1.159047194212708689e+02
1.160295494906529683e+02
1.161544467452177258e+02
1.162794111849651273e+02
8.401341949985386748e+01
8.410370796788166103e+01
8.419404492595671741e+01
8.428443037407905081e+01
8.437486431224866124e+01
8.446534674046554869e+01
8.455587765872971318e+01
8.464645706704115469e+01
8.473708496539987323e+01
8.482776135380586879e+01
8.491848623225912718e+01
8.500925960075967680e+01
8.510008145930750345e+01
8.519095180790259292e+01
8.528187064654497362e+01
8.537283797523461715e+01
8.546385379397153770e+01
7.272503038136818532e+01
7.280247982799372153e+01
7.287997049305809583e+01
7.295750237656135084e+01
7.303507547850347237e+01
7.311268979888444619e+01
7.319034533770430073e+01
7.326804209496300757e+01
7.334578007066058092e+01
7.342355926479702077e+01
7.350137967737232714e+01
7.357924130838648580e+01
7.365714415783951097e+01
7.373508822573141686e+01
7.381307351206217504e+01
7.389110001683178552e+01
7.396916774004027673e+01
1.399814636318793504e+01
1.401292013243668144e+01
1.402770169375781606e+01
1.404249104715134067e+01
1.405728819261725349e+01
1.407209313015555630e+01
1.408690585976624554e+01
1.410172638144932478e+01
1.411655469520479045e+01
1.413139080103264789e+01
1.414623469893289176e+01
1.416108638890552385e+01
1.417594587095054592e+01
1.419081314506795621e+01
1.420568821125775472e+01
1.422057106951994143e+01
1.423546171985451814e+01
3.616954416640567871e+01
3.620737841762576892e+01
3.624523244629030216e+01
3.628310625239927845e+01
3.632099983595269777e+01
3.635891319695056723e+01
3.639684633539287262e+01
3.643479925127962105e+01
3.647277194461081251e+01
3.651076441538644701e+01
3.654877666360653166e+01
3.658680868927105223e+01
3.662486049238001584e+01
3.666293207293342249e+01
3.670102343093127928e+01
3.673913456637357200e+01
3.677726547926031486e+01
3.402817438749310952e+01
3.406345502449413232e+01
3.409875394161796436e+01
3.413407113886459143e+01
3.416940661623402065e+01
3.420476037372623779e+01
3.424013241134126417e+01
3.427552272907907849e+01
3.431093132693970205e+01
3.434635820492311353e+01
3.438180336302933426e+01
3.441726680125835003e+01
3.445274851961016083e+01
3.448824851808477376e+01
3.452376679668218173e+01
3.455930335540239184e+01
3.459485819424539699e+01
4.836689457910251377e+01
4.841660361772440524e+01
4.846633818743958244e+01
4.851609828824803827e+01
4.856588392014978695e+01
4.861569508314481425e+01
4.866553177723312018e+01
4.871539400241471185e+01
4.876528175868958925e+01
4.881519504605773818e+01
4.886513386451917995e+01
4.891509821407390035e+01
4.896508809472191359e+01
4.901510350646320546e+01
4.906514444929776886e+01
4.911521092322562509e+01
4.916530292824675996e+01
7.046840178539784461e+01
7.054019842501617177e+01
7.061203162096833807e+01
7.068390137325430089e+01
7.075580768187410285e+01
7.082775054682770133e+01
7.089972996811512473e+01
7.097174594573637307e+01
7.104379847969143214e+01
7.111588756998031613e+01
7.118801321660301085e+01
7.126017541955953050e+01
7.133237417884986087e+01
7.140460949447401617e+01
7.147688136643198220e+01
7.154918979472377316e+01
7.162153477934937484e+01
9.177033555242979901e+01
9.186303286106861776e+01
9.195577696289706182e+01
9.204856785791511697e+01
9.214140554612279743e+01
9.223429002752008898e+01
9.232722130210702005e+01
9.242019936988356221e+01
9.251322423084972968e+01
9.260629588500550824e+01
9.269941433235091210e+01
9.279257957288594127e+01
9.288579160661059575e+01
9.297905043352484711e+01
9.307235605362873798e+01
9.316570846692225416e+01
9.325910767340538143e+01
8.819704739712329911e+01
8.828537693883298232e+01
8.837375068952250956e+01
8.846216864919186662e+01
8.855063081784105350e+01
8.863913719547008441e+01
8.872768778207894513e+01
8.881628257766764989e+01
8.890492158223617025e+01
8.899360479578453464e+01
8.908233221831272886e+01
8.917110384982076710e+01
8.925991969030863515e+01
8.934877973977634724e+01
8.943768399822388915e+01
8.952663246565124666e+01
8.961562514205847663e+01
9.209762728700766843e+01
9.218908471231749502e+01
9.228058752592774283e+01
9.237213572783838345e+01
9.246372931804943107e+01
9.255536829656087150e+01
9.264705266337271894e+01
9.273878241848497339e+01
9.283055756189762064e+01
9.292237809361067491e+01
9.301424401362412198e+01
9.310615532193799027e+01
9.319811201855225136e+01
9.329011410346690525e+01
9.338216157668198036e+01
9.347425443819744828e+01
9.356639268801330900e+01
9.365857632612957673e+01
9.375080535254625147e+01
9.384307976726331901e+01
9.393539957028079357e+01
9.402776476159867514e+01
9.412017534121694950e+01
9.421263130913563089e+01
9.430513266535471928e+01
9.439767940987420047e+01
9.449027154269408868e+01
9.458290906381436969e+01
9.467559197323507192e+01
9.476832027095616695e+01
9.486109395697765478e+01
9.495391303129953542e+01
9.504677749392185149e+01
7.856777291948603192e+01
7.864453674256320426e+01
7.872133804797586265e+01
7.879817683572400711e+01
7.887505310580763762e+01
7.895196685822676841e+01
7.902891809298137105e+01
7.910590681007147396e+01
7.918293300949704872e+01
7.925999669125812375e+01
7.933709785535467063e+01
7.941423650178671778e+01
7.949141263055423678e+01
7.956862624165725606e+01
7.964587733509576140e+01
7.972316591086975279e+01
7.980049196897923025e+01
7.987785550942417956e+01
7.995525653220462914e+01
8.003269503732057899e+01
8.011017102477200069e+01
8.018768449455890845e+01
8.026523544668130228e+01
8.034282388113918216e+01
8.042044979793256232e+01
8.049811319706141433e+01
8.057581407852576660e+01
8.065355244232559073e+01
8.073132828846091513e+01
8.080914161693172559e+01
8.088699242773802212e+01
8.096488072087979049e+01
8.104280649635705913e+01
6.881034947527427903e+01
6.887651327284665115e+01
6.894270886465140791e+01
6.900893625068853510e+01
6.907519543095804693e+01
6.914148640545992919e+01
6.920780917419418188e+01
6.927416373716080500e+01
6.934055009435981276e+01
6.940696824579119095e+01
6.947341819145495379e+01
6.953989993135107284e+01
6.960641346547957653e+01
6.967295879384046486e+01
6.973953591643370942e+01
6.980614483325933861e+01
6.987278554431735245e+01
6.993945804960772250e+01
7.000616234913047720e+01
7.007289844288561653e+01
7.013966633087311209e+01
7.020646601309299228e+01
7.027329748954524291e+01
7.034016076022987818e+01
7.040705582514688388e+01
7.047398268429626000e+01
7.054094133767802077e+01
7.060793178529213776e+01
7.067495402713865360e+01
7.074200806321752566e+01
7.080909389352878236e+01
7.087621151807240949e+01
7.094336093684840705e+01
7.931057798318734342e+01
7.938564715307205688e+01
7.946075183344392201e+01
7.953589202430298144e+01
7.961106772564919254e+01
7.968627893748259794e+01
7.976152565980315501e+01
7.983680789261090638e+01
7.991212563590582363e+01
7.998747888968790676e+01
8.006286765395716998e+01
8.013829192871359908e+01
8.021375171395720827e+01
8.028924700968799755e+01
8.036477781590595271e+01
8.044034413261108796e+01
8.051594595980338909e+01
8.059158329748287031e+01
8.066725614564951741e+01
8.074296450430334460e+01
8.081870837344433767e+01
8.089448775307251083e+01
8.097030264318784987e+01
8.104615304379036900e+01
8.112203895488006822e+01
8.119796037645693332e+01
8.127391730852096430e+01
8.134990975107217537e+01
8.142593770411056653e+01
8.150200116763612357e+01
8.157810014164884649e+01
8.165423462614876371e+01
8.173040462113584681e+01
3.192646003809784361e+01
3.195621442769532550e+01
3.198598267588134902e+01
3.201576478265591419e+01
3.204556074801901389e+01
3.207537057197066588e+01
3.210519425451084885e+01
3.213503179563957701e+01
3.216488319535684326e+01
3.219474845366265470e+01
3.222462757055700422e+01
3.225452054603989893e+01
3.228442738011133173e+01
3.231434807277130261e+01
3.234428262401981868e+01
3.237423103385687284e+01
3.240419330228247219e+01
3.243416942929660962e+01
3.246415941489928514e+01
3.249416325909050585e+01
3.252418096187026464e+01
3.255421252323856862e+01
3.258425794319540358e+01
3.261431722174079084e+01
3.264439035887471618e+01
3.267447735459717961e+01
3.270457820890818823e+01
3.273469292180773493e+01
3.276482149329581972e+01
3.279496392337245680e+01
3.282512021203762487e+01
3.285529035929133101e+01
3.288547436513358235e+01
-5.164046894332321358e+01
-5.168786726268376697e+01
-5.173528732439265099e+01
-5.178272912844986564e+01
-5.183019267485541093e+01
-5.187767796360928685e+01
-5.192518499471149340e+01
-5.197271376816203059e+01
-5.202026428396089841e+01
-5.206783654210809686e+01
-5.211543054260362595e+01
-5.216304628544748567e+01
-5.221068377063967603e+01
-5.225834299818018991e+01
-5.230602396806904864e+01
-5.235372668030622378e+01
-5.240145113489174378e+01
-5.244919733182558019e+01
-5.249696527110775435e+01
-5.254475495273825203e+01
-5.259256637671708745e+01
-5.264039954304425351e+01
-5.268825445171975019e+01
-5.273613110274357751e+01
-5.278402949611572836e+01
-5.283194963183621695e+01
-5.287989150990502907e+01
-5.292785513032217892e+01
-5.297584049308765941e+01
-5.302384759820147053e+01
-5.307187644566360518e+01
-5.311992703547407046e+01
-5.316799936763288059e+01
-8.120240449620028755e+01
-8.127582439176647711e+01
-8.134927746396870418e+01
-8.142276371280696878e+01
-8.149628313828129933e+01
-8.156983574039165319e+01
-8.164342151913805878e+01
-8.171704047452050190e+01
-8.179069260653899676e+01
-8.186437791519354334e+01
-8.193809640048412746e+01
-8.201184806241076330e+01
-8.208563290097343668e+01
-8.215945091617214757e+01
-8.223330210800691020e+01
-8.230718647647771036e+01
-8.238110402158456225e+01
-8.245505474332745166e+01
-8.252903864170639281e+01
-8.260305571672138569e+01
-8.267710596837240189e+01
-8.275118939665948403e+01
-8.282530600158258949e+01
-8.289945578314176089e+01
-8.297363874133695560e+01
-8.304785487616821626e+01
-8.312210418763550024e+01
-8.319638667573885016e+01
-8.327070234047823760e+01
-8.334505118185366257e+01
-8.341943319986512506e+01
-8.349384839451263929e+01
-8.356829676579620525e+01
-5.854611521282073738e+01
-5.859827210833326916e+01
-5.865045222597203889e+01
-5.870265556573702526e+01
-5.875488212762824958e+01
-5.880713191164570475e+01
-5.885940491778939077e+01
-5.891170114605930763e+01
-5.896402059645545535e+01
-5.901636326897782681e+01
-5.906872916362642911e+01
-5.912111828040126937e+01
-5.917353061930233338e+01
-5.922596618032962823e+01
-5.927842496348315393e+01
-5.933090696876291048e+01
-5.938341219616889077e+01
-5.943594064570110902e+01
-5.948849231735955811e+01
-5.954106721114422385e+01
-5.959366532705513464e+01
-5.964628666509226917e+01
-5.969893122525563456e+01
-5.975159900754522369e+01
-5.980429001196105077e+01
-5.985700423850310870e+01
-5.990974168717139037e+01
-5.996250235796590289e+01
-6.001528625088665336e+01
-6.006809336593362758e+01
-6.012092370310682554e+01
-6.017377726240626146e+01
-6.022665404383192822e+01
-3.336892845639027172e+01
-3.339822514511405416e+01
-3.342753468890090573e+01
-3.345685708775081935e+01
-3.348619234166379499e+01
-3.351554045063983978e+01
-3.354490141467894659e+01
-3.357427523378111545e+01
-3.360366190794634633e+01
-3.363306143717465346e+01
-3.366247382146601552e+01
-3.369189906082043962e+01
-3.372133715523793285e+01
-3.375078810471848811e+01
-3.378025190926211252e+01
-3.380972856886879896e+01
-3.383921808353854743e+01
-3.386872045327136505e+01
-3.389823567806724469e+01
-3.392776375792618637e+01
-3.395730469284819719e+01
-3.398685848283327005e+01
-3.401642512788140493e+01
-3.404600462799260185e+01
-3.407559698316687502e+01
-3.410520219340420311e+01
-3.413482025870459324e+01
-3.416445117906805251e+01
-3.419409495449457381e+01
-3.422375158498416425e+01
-3.425342107053681673e+01
-3.428310341115253124e+01
-3.431279860683131488e+01
-2.749636362130391731e+01
-2.752015969540284246e+01
-2.754396606192135266e+01
-2.756778272085946213e+01
-2.759160967221716021e+01
-2.761544691599445756e+01
-2.763929445219134351e+01
-2.766315228080782163e+01
-2.768702040184389546e+01
-2.771089881529955790e+01
-2.773478752117481605e+01
-2.775868651946966992e+01
-2.778259581018411239e+01
-2.780651539331815059e+01
-2.783044526887178094e+01
-2.785438543684500345e+01
-2.787833589723782168e+01
-2.790229665005022852e+01
-2.792626769528223107e+01
-2.795024903293382579e+01
-2.797424066300501266e+01
-2.799824258549579525e+01
-2.802225480040616645e+01
-2.804627730773613337e+01
-2.807031010748569244e+01
-2.809435319965484723e+01
-2.811840658424359418e+01
-2.814247026125192974e+01
-2.816654423067986457e+01
-2.819062849252738800e+01
-2.821472304679450360e+01
-2.823882789348121491e+01
-2.826294303258751839e+01
-5.013439137745110230e+01
-5.017716816190284845e+01
-5.021996318805372539e+01
-5.026277645590373311e+01
-5.030560796545286451e+01
-5.034845771670111958e+01
-5.039132570964849833e+01
-5.043421194429500787e+01
-5.047711642064064819e+01
-5.052003913868540508e+01
-5.056298009842929986e+01
-5.060593929987231121e+01
-5.064891674301445335e+01
-5.069191242785571916e+01
-5.073492635439611576e+01
-5.077795852263564313e+01
-5.082100893257428709e+01
-5.086407758421206182e+01
-5.090716447754896734e+01
-5.095026961258498943e+01
-5.099339298932014231e+01
-5.103653460775442596e+01
-5.107969446788783330e+01
-5.112287256972037142e+01
-5.116606891325203321e+01
-5.120928349848281869e+01
-5.125251632541272784e+01
-5.129576739404176777e+01
-5.133903670436993849e+01
-5.138232425639722578e+01
-5.142563005012365096e+01
-5.146895408554919982e+01
-5.151229636267387235e+01
-7.375072130215845334e+01
-7.381277491705299099e+01
-7.387485462682342074e+01
-7.393696043146977104e+01
-7.399909233099201344e+01
-7.406125032539016217e+01
-7.412343441466420302e+01
-7.418564459881415019e+01
-7.424788087784000368e+01
-7.431014325174176349e+01
-7.437243172051941542e+01
-7.443474628417297367e+01
-7.449708694270242404e+01
-7.455945369610778073e+01
-7.462184654438905795e+01
-7.468426548754621308e+01
-7.474671052557927453e+01
-7.480918165848824231e+01
-7.487167888627311640e+01
-7.493420220893388262e+01
-7.499675162647055515e+01
-7.505932713888313401e+01
-7.512192874617161920e+01
-7.518455644833598228e+01
-7.524721024537626590e+01
-7.530989013729244164e+01
-7.537259612408453791e+01
-7.543532820575251208e+01
-7.549808638229640678e+01
-7.556087065371619360e+01
-7.562368102001188674e+01
-7.568651748118347200e+01
-7.574938003723096358e+01
-5.489757180205832299e+01
-5.494312995293140034e+01
-5.498870699976087906e+01
-5.503430294254675204e+01
-5.507991778128901927e+01
-5.512555151598768077e+01
-5.517120414664274364e+01
-5.521687567325420076e+01
-5.526256609582205925e+01
-5.530827541434631200e+01
-5.535400362882696612e+01
-5.539975073926400739e+01
-5.544551674565745714e+01
-5.549130164800729403e+01
-5.553710544631353230e+01
-5.558292814057617193e+01
-5.562876973079519871e+01
-5.567463021697062686e+01
-5.572050959910245638e+01
-5.576640787719068015e+01
-5.581232505123529819e+01
-5.585826112123631759e+01
-5.590421608719373125e+01
-5.595018994910753918e+01
-5.599618270697774847e+01
-5.604219436080435202e+01
-5.608822491058735693e+01
-5.613427435632675611e+01
-5.618034269802254954e+01
-5.622642993567474434e+01
-5.627253606928332630e+01
-5.631866109884831673e+01
-5.636480502436969431e+01
-2.941339468667703017e+01
-2.943747442035421003e+01
-2.946156400662291475e+01
-2.948566344548313722e+01
-2.950977273693488101e+01
-2.953389188097814611e+01
-2.955802087761293251e+01
-2.958215972683923667e+01
-2.960630842865706924e+01
-2.963046698306641602e+01
-2.965463539006728766e+01
-2.967881364965967705e+01
-2.970300176184358776e+01
-2.972719972661902332e+01
-2.975140754398597664e+01
-2.977562521394445127e+01
-2.979985273649444366e+01
-2.982409011163596091e+01
-2.984833733936899947e+01
-2.987259441969355578e+01
-2.989686135260963695e+01
-2.992113813811723588e+01
-2.994542477621635612e+01
-2.996972126690699767e+01
-2.999402761018916053e+01
-3.001834380606284469e+01
-3.004266985452805017e+01
-3.006700575558477695e+01
-3.009135150923302504e+01
-3.011570711547279089e+01
-3.014007257430408160e+01
-3.016444788572689006e+01
-3.018883304974121984e+01
-1.720709450920422157e+01
-1.722099361623912017e+01
-1.723489833454048181e+01
-1.724880866410831359e+01
-1.726272460494260486e+01
-1.727664615704336626e+01
-1.729057332041059070e+01
-1.730450609504428172e+01
-1.731844448094443933e+01
-1.733238847811105998e+01
-1.734633808654414722e+01
-1.736029330624370104e+01
-1.737425413720971790e+01
-1.738822057944220489e+01
-1.740219263294115493e+01
-1.741617029770656799e+01
-1.743015357373844765e+01
-1.744414246103679389e+01
-1.745813695960160317e+01
-1.747213706943288258e+01
-1.748614279053062148e+01
-1.750015412289482697e+01
-1.751417106652550260e+01
-1.752819362142264126e+01
-1.754222178758624295e+01
-1.755625556501631124e+01
-1.757029495371284611e+01
-1.758433995367584757e+01
-1.759839056490531206e+01
-1.761244678740124314e+01
-1.762650862116363726e+01
-1.764057606619250151e+01
-1.765464912248782881e+01
