-1.801925867204453441e-02
-3.321644738047844353e-02
-5.294296848207860617e-02
-8.555114172896195746e-02
-1.210477886825159777e-01
-1.646987972184019711e-01
-2.044420913642336080e-01
-2.517706474849022991e-01
-3.158663029948370338e-01
-3.761537578249475322e-01
-4.222384790024676926e-01
-5.176824269353009766e-01
-6.156294609314351129e-01
-6.931770338071019388e-01
-1.531697736660213804e+00
-1.906132569496323814e+00
-2.316810146122856739e+00
-2.747443629758212325e+00
-3.293668116982975569e+00
-3.749546445492683677e+00
-4.202747464267545752e+00
-4.559974149582639136e+00
-4.826283944506469581e+00
-5.193251069945074683e+00
-5.547650559520329594e+00
-5.851618603133085017e+00
-6.262798381840133821e+00
-6.530592274314873436e+00
-7.237792199045810726e+00
-7.744529087383859256e+00
-8.474078407278691216e+00
-9.233808842278072859e+00
-1.074831125728998238e+01
-1.151121060709477462e+01
-1.282403157751308953e+01
-1.524736902836924557e+01
-1.630345420344118068e+01
-1.919969864651225677e+01
-2.085435896885069695e+01
-2.573656356931327238e+01
-2.775871092332582180e+01
-3.165691045686403626e+01
-3.407810099733181630e+01
-3.555880736535871023e+01
-3.800702055952795178e+01
-3.744613176924524112e+01
-3.952500389406191772e+01
-4.060220820006877318e+01
-3.995686578626619934e+01
-4.271785251910658587e+01
-3.738477041010194313e+01
-3.745332536331302720e+01
-3.523735207234656741e+01
-3.560313890475146792e+01
-3.659293951033717462e+01
-3.945863827980854666e+01
-4.101065706215421613e+01
-5.215421696195794254e+01
-5.559744433584575063e+01
-5.482598832857006244e+01
-5.227637900839228280e+01
-5.830350173385387791e+01
-6.455348457297696996e+01
-6.255832481271718137e+01
-6.206812799651768131e+01
-6.130987694037528968e+01
-5.616045256470385993e+01
-5.742217530773039158e+01
-5.423954635887190534e+01
-5.879571642322380853e+01
-4.725133092030861803e+01
-3.097787541096278474e+01
-3.593952795052186389e+01
-4.030601788267911445e+01
-2.021521638712435731e+01
-2.187191336893090199e+00
5.177190966251028037e+00
-4.329256212130009551e+00
-4.123250811243913461e+00
1.897788430800047976e+01
3.602890310049764366e+01
3.594815255051021552e+01
1.153157346298454833e+01
1.320255728220437774e+01
2.630686683633901879e+01
1.375423993805565459e+01
-3.997420598736624253e+00
-3.372471574411228090e+01
-4.961740343183060276e+01
-5.701337252746427708e+01
-5.630068212861948496e+01
-5.895271409051908051e+01
-9.081556403040904968e+01
-1.106923725107300100e+02
-1.042261785746074025e+02
-9.272856378701136748e+01
-9.530593409070969813e+01
-1.140083294751544685e+02
-1.115106333298954127e+02
-1.260979262999442767e+02
-9.777092070831007220e+01
-7.032493926058297973e+01
-6.129984433542202282e+01
-8.453159775896340022e+01
-1.094475441126010793e+02
-2.150624652811855952e+01
6.872183107568098137e+01
6.301283132150467026e+01
-1.490829004694273596e+00
7.384981461542948011e+01
2.274928735770397452e+02
3.235809404341955542e+02
2.300417462695938298e+02
1.835365765549291837e+02
2.742073928582310032e+02
3.571395974722747155e+02
3.391964431187006426e+02
2.253770187825334403e+02
1.261095487300101183e+02
1.076199401216576490e+02
7.748042455507703608e+01
1.001052821305810596e+02
-5.706169780852162177e+01
-1.988714283741739450e+02
-2.876008035538742433e+02
-2.084820891777999066e+02
-2.335154202636014986e+02
-3.438689981828735540e+02
-4.962731243479842078e+02
-4.665968923022901436e+02
-3.149470119944286353e+02
-3.314883959407216594e+02
-3.787805280561718746e+02
-3.730786082724130210e+02
-3.060197111616095071e+02
-1.955710098066472824e+02
-9.627532166672659741e+01
-3.248955872185617011e+01
-2.822438426765775610e+00
6.850968794259333094e+01
3.546820367314692248e+02
6.435891816964644931e+02
7.817916312046580742e+02
7.282495272846812213e+02
8.992764264929344336e+02
1.204062180074694652e+03
1.378564813015787195e+03
1.325552977717415160e+03
1.143911970910912260e+03
1.168345969000103196e+03
1.194905112613256279e+03
1.155790643977676382e+03
9.508044657765315151e+02
6.428420232638878815e+02
4.830258639726538945e+02
3.670458059662325354e+02
2.964486309216165978e+02
1.485623675939237671e+02
-2.285564582630996426e+02
-4.449082163309544740e+02
-4.545720550118483061e+02
-3.381921912353207631e+02
-6.338578582240565993e+02
-8.373154491875384338e+02
-9.121395197729725624e+02
-8.277380925481869554e+02
-8.266168392580048021e+02
-8.109813282676664130e+02
-8.505578418781900609e+02
-8.363783747569779052e+02
-7.926858263219121454e+02
6.231713492177576796e+01
9.881438264899340993e+02
2.452829182965141172e+03
3.036082868157723169e+03
3.717994301023932621e+03
3.798759577110597547e+03
3.319305113569768309e+03
2.441457407933627564e+03
1.282719640344324489e+03
-3.944402474836542751e+02
-1.066397355296223395e+03
-2.364678993645087303e+03
-3.083161601055458505e+03
-3.446624569331681869e+03
-3.629930378679468049e+03
-3.075394699025285263e+03
-2.785457263443817737e+03
-2.027907473740593105e+03
-9.601936326658197913e+02
-6.146473035234424742e+01
7.989142767758379478e+02
1.665863275829402710e+03
2.198531713870547264e+03
2.059123825764888352e+03
1.508896579480025139e+03
8.196494995024788750e+02
5.527034148521707948e+02
-4.953693889392896494e+02
-6.493531116835711146e+02
-2.901114828534688513e+03
-3.201772436166700118e+03
-2.566907675169227332e+03
-1.370429014534902535e+03
1.402480197822680452e+02
5.000785335388114277e+02
1.108427618356014591e+03
8.671083680472974038e+02
5.520553752989612804e+02
2.492133752798695312e+01
-3.967710124125874245e+02
-3.414070766848300309e+02
-3.435716117706737123e+02
-1.488831783882354216e+02
-1.463934700295212679e+02
6.593319182422470170e-01
2.171803616056533048e+00
1.813917459101488827e+00
2.135668248463942653e+00
3.545988339605426365e+00
6.297794772897830740e+00
6.358239385362615792e+00
6.478484984217830700e+00
6.729135470823661258e+00
7.576140355211392396e+00
7.888795953542896200e+00
6.250816127772268693e+00
4.749917690779473567e+00
5.217067929025802187e+00
2.623049073173131518e+00
-2.298094723854747112e+00
-1.158093911321701519e+01
-2.702463046787978840e+01
-3.969013010423807941e+01
-5.355639671045391736e+01
-7.073032490356372648e+01
-8.782013848750227680e+01
-9.554957774990923269e+01
-1.046934053713160893e+02
-1.123983146900420849e+02
-1.215934286483751805e+02
-1.326981804059336127e+02
-1.219724963975335754e+02
-1.158389637379200394e+02
-1.033888157978146154e+02
-1.063466309347234642e+02
-9.942774764577424662e+01
-7.801475658730765872e+01
-8.560995811039965986e+01
-6.935292707544309110e+01
-5.644666356920910744e+01
-6.726797899512885692e+01
-6.402802207909755339e+01
-9.863871767912394262e+01
-7.156241676802970630e+01
-1.121790367683955481e+02
-1.194289194109476711e+02
-1.677663547646232018e+02
-1.719399028995815684e+02
-2.097302873370200871e+02
-2.632569379964613177e+02
-2.692900011423077444e+02
-2.813692774393699665e+02
-2.767057452681656855e+02
-2.685826608398907638e+02
-2.254796198246572487e+02
-1.961403236402667289e+02
-1.181536499747512607e+02
1.528727581696510907e+00
6.547287387939840642e+01
9.692334757457321359e+01
1.188518909379241251e+02
1.148718669925477514e+02
1.172986404968430776e+02
1.037229861255600554e+02
-2.576971382551564460e+01
-1.939738579874343429e+02
-3.996291052053858834e+02
-4.256824989545600033e+02
-4.243003034368350086e+02
-5.511854218087891013e+02
-7.934855511230231286e+02
-8.696725718904175437e+02
-9.306834544488639267e+02
-8.446766372222601831e+02
-1.024898200720206432e+03
-1.228109811557281773e+03
-1.244113944238857130e+03
-1.180278047371112734e+03
-1.191728645793241867e+03
-1.151310338707953406e+03
-1.172796641528820373e+03
-1.136063513441354416e+03
-1.035436263010547009e+03
-7.806304984247595939e+02
-6.433765592391208656e+02
-7.178873563434746075e+02
-6.679919260703209147e+02
-4.734981467560135115e+02
-1.169951506845667097e+02
-2.462141650692383337e+02
-4.622919595228740945e+02
-6.225870916802740567e+02
-5.033866091023952549e+02
-3.458396550473382263e+02
-5.518337701733656786e+02
-7.747513922359337357e+02
-9.395615326544294703e+02
-9.559731118571754678e+02
-8.839096846509008856e+02
-9.708849385591601049e+02
-1.229523357984776339e+03
-1.533660765467409192e+03
-1.509028110975360960e+03
-1.313487982266361996e+03
-1.247913706920584445e+03
-1.768098229304151801e+03
-1.934078161757720181e+03
-1.749387267059524220e+03
-1.542631160277124081e+03
-1.640738373496471468e+03
-2.008244901213260846e+03
-1.962023450459834976e+03
-1.706073329108639655e+03
-1.449253577558561574e+03
-1.278628294211448065e+03
-1.320378298189290490e+03
-1.433451389308593889e+03
-1.070584605632591774e+03
-3.425669666460955796e+02
7.918598067302523802e+00
-2.536218775111881314e+02
-4.229744674093955155e+02
-2.221888111762069400e+02
3.117187818493496252e+02
2.514831933592980704e+02
-1.872306350364330854e+02
-5.680626828897363794e+02
-4.665653710485635202e+02
-3.575255145811280499e+02
-5.138247285111095835e+02
-7.851534470395608878e+02
-1.260872276039083545e+03
-1.494408374378888311e+03
-1.458147375192783102e+03
-1.441817776869380623e+03
-1.812599977910193957e+03
-2.100049592052316257e+03
-2.393156455201960853e+03
-1.953057580739940704e+03
-2.126001358595377951e+03
-2.624495254328402098e+03
-2.701196179914682943e+03
-2.581376101943985304e+03
-2.424029639656384916e+03
-2.295316687058043044e+03
-2.555728886553357825e+03
-2.366571779194703595e+03
-2.171101661279385553e+03
-1.717213965856739378e+03
-1.438164996485144002e+03
-1.182849966566947842e+03
-1.323101113480770664e+03
-9.787091293448336273e+02
-5.640727015885258879e+02
-4.284734337311352874e+02
-2.112303322703789661e+02
-5.430083825649979872e+02
-4.789127932090946729e+02
-2.652198885120473619e+02
-2.955559976184034099e+02
-5.611591656981848928e+02
-7.925621573735140828e+02
-8.029167001657068568e+02
-9.651695913733793759e+02
-1.045580764468607867e+03
-1.155646877812797356e+03
-1.411921562499432184e+03
-1.690283468682728881e+03
-1.714091869394176911e+03
-1.615380390311502197e+03
-1.752821356805282676e+03
-1.939025143123865973e+03
-1.824507837615464950e+03
-1.815506800456267229e+03
-3.249812775505586615e+03
-3.657167415930445259e+03
-3.307382808917869170e+03
-3.017036831912173056e+03
-2.526053319770698636e+03
-1.565857939004847594e+03
-7.773514268932733557e+02
-2.193433601132947217e+02
2.069756080102376643e+02
4.557411009659050478e+02
2.985501664008013449e+02
7.979010806074822426e+01
-2.926711289709012931e+02
-4.008102642603477079e+02
-7.253182106464876142e+02
-1.225850898723111413e+03
-9.767269892584798754e+02
-1.265659487036428800e+03
-1.112373648446471861e+03
-1.162662390639288560e+03
-1.097827189271605903e+03
-1.053433108315807885e+03
-7.327178393476864358e+02
-7.175579625668610788e+02
-5.039695645237915187e+02
-2.513796901558571619e+02
-2.421400345049291332e+02
-1.473749680504637070e+02
2.399072740961009842e+01
-7.373984259435781397e+00
-1.088167832296614712e+01
-3.466852384081310134e+01
-4.115265719490771801e+01
-4.874769889835205561e+01
-6.364834022027604021e+01
-3.656146131911742714e+01
-4.857207463316773755e+01
-5.050980762698041104e+01
-4.992036341808415045e+01
1.875029556844090806e+01
-1.837143038318930977e+01
4.634139305426741373e+01
-3.914855233362471321e+00
8.737529907214160119e+01
1.228059287548963852e+02
2.268475516734193889e+02
8.231111579590880467e+01
9.671641600535303951e+01
7.287786981479597159e+01
7.028530031792126920e+01
-3.361176914467387178e+01
-1.682175768415920061e+02
-2.367097891160166796e+02
-3.184113673126153685e+02
-4.229065169421864425e+02
-4.969181547734700075e+02
-7.030144753887058187e+02
-9.843345388401726268e+02
-1.177946446117099413e+03
-1.354302235336809417e+03
-1.213181723101746002e+03
-1.487233112629746302e+03
-1.612510147907432383e+03
-1.731361525170572122e+03
-1.863712718569639947e+03
-1.802424670983665010e+03
-1.854209407322586685e+03
-1.657373540367985470e+03
-1.849888077915705480e+03
-1.853573692586544212e+03
-1.899329929786302273e+03
-1.997986772351090849e+03
-2.149670595457671880e+03
-2.345257888897318480e+03
-2.365881837400022960e+03
-2.688984253974155308e+03
-2.752957489644354155e+03
-3.077540029466896158e+03
-3.183536481489461039e+03
-3.165628768306933580e+03
-3.197528536329160033e+03
-2.789353998974728711e+03
-2.465384688605920473e+03
-2.310377399145879281e+03
-2.086905788057795689e+03
-1.640820028297204772e+03
-8.917632281062556103e+02
-3.398828087884890010e+02
-5.567143403834970741e+02
-1.076290043994178859e+03
-5.853259717898376948e+02
1.100465150577090583e+02
2.782448236899481344e+02
-1.434606715729739506e+02
-1.079175240061347907e+01
4.491050905082040572e+02
2.304803809380483131e+02
3.067363802919436466e+02
-2.384468388740114051e+02
-4.372477634626049507e+02
-5.823653782675750108e+02
-6.127943384020641133e+02
-7.950066995886007817e+02
-1.163547470669304403e+03
-1.491523983606351294e+03
-1.746154914754253696e+03
-1.419845279033147563e+03
-1.386051902654951164e+03
-1.587295604925252519e+03
-1.577567532855623313e+03
-1.529451862368812272e+03
-1.079850381133840074e+03
-5.490600792036316307e+02
-3.714516876999022656e+02
-4.887946978243738272e+02
-6.147300902392422586e+02
-2.321692251268259213e+02
6.272282152088150724e+02
8.761427185126284485e+02
9.493856687987340592e+01
-1.751357107408546199e+02
8.972045033366533744e+02
1.284259975202972555e+03
9.918404342216206260e+02
4.260912881143375586e+01
1.461180089792306376e+02
6.374734352108102939e+02
7.876054370220336978e+02
2.135947652651707074e+02
-3.121477163610306320e+02
-2.546706977015476809e+02
8.861684077017331163e+01
3.340105218124868998e+02
3.015515263202938172e+02
-3.989290035337489826e+02
-6.089172038132992384e+02
-2.958856859529836356e+02
-3.439667320005241891e+02
-3.616517467054712256e+02
-1.055946004934619623e+03
-9.149599470855838490e+02
-5.887560728507452268e+02
-1.441828505139931735e+02
-3.620098447351435311e+02
-3.667409017060315364e+02
-2.647766608261355259e+02
-7.626734637842398001e+01
2.608361674804600057e+02
3.366789729967026688e+02
5.450612158378401091e+02
3.345129691226617865e+02
4.007064639048651884e+02
5.739495688541283016e+02
6.636660733091715656e+02
4.141999503267219325e+02
1.315231695537066798e+02
3.582146407464220488e+02
4.691532216082932223e+02
1.998727247496144059e+02
1.092628882185144334e+02
2.172926142873240281e+02
8.959797504707277938e+01
1.439638315227225576e+02
-1.056894771012136225e+01
-7.565236854641719333e+01
-2.128425232251718739e+02
-6.040678385372174120e+01
-1.290575093322437681e+02
-2.596994865957651655e+02
-2.948289850871335602e+02
-5.118490041839426681e+02
-4.591899345668635419e+02
-3.977373506892454316e+02
-3.634799807459685894e+02
-3.257314664489458096e+02
-4.971236682941827780e+02
-3.842672286417511600e+02
-2.834130887836045645e+02
-1.524830060559363289e+02
-2.607321003522566230e+02
-2.795789188591695620e+02
-5.530791439987304869e+01
-8.698850356475043100e+01
-4.103524422806015082e+01
3.731041803677886293e+01
4.146738151526880500e+01
-6.141755519197461766e+00
1.011843470815066865e+02
1.059575250006619171e+02
1.767318701121819515e+02
1.654007670449043843e+01
1.229720312930517991e+02
1.519293055595189799e+02
9.638615106198122362e+01
6.875731803000309128e+01
1.270537194636241622e+02
6.220611744312326863e+01
4.632298377140406842e+01
5.184596384247923684e-01
-1.788058936891130486e+02
-1.340951566788228035e+02
-2.368007233366044204e+02
-2.539020845566929552e+02
-1.709124058997344946e+02
-2.200182188948857060e+02
-2.265200482527212102e+02
-1.402338380611026309e+02
-9.229901343866293928e+01
-1.160646420345663898e+02
4.366939843500814789e+01
2.623368666686348405e+01
6.936719368625830384e+01
3.037998928620741879e+01
1.158442517331726407e+02
-1.104622249671892291e+02
9.960687713189748660e-01
-1.630483298260333669e+01
-2.923094000725868113e+01
1.059952692947467945e+01
-8.599448495442685214e+01
-8.441976657034973641e+01
-1.278071813182331624e+02
-6.033741223490736161e+01
-4.403316446615322377e+01
-4.829511862202362948e+01
-1.584401207329808159e+01
-6.561764759109049550e+00
3.238902470507810705e+01
