8.946068513640119966e-04
4.109673745393572705e-03
1.596957781231889487e-02
2.090150671407530261e-02
2.966960208991445413e-02
4.566609708354182895e-02
5.335235160016874034e-02
7.325611379032086201e-02
1.022988326894782446e-01
1.202818203692483795e-01
1.332799766730570767e-01
1.761802207335436687e-01
1.746809980511830340e-01
1.880773959374054394e-01
4.079768980832900183e-01
4.935426881706392876e-01
5.813910102542282354e-01
6.692190445049744918e-01
7.942639101909313437e-01
9.126712078178090826e-01
1.007992640724283406e+00
1.121052146372318425e+00
1.233118678845578797e+00
1.370717583116766392e+00
1.520233927208267888e+00
1.686669959855361167e+00
1.864560083386618272e+00
2.142459356624477618e+00
2.603031441654144018e+00
2.707187726059366639e+00
3.294448007628317576e+00
3.639438591605650419e+00
3.926038718529470284e+00
4.664700046660146704e+00
5.282568869708874182e+00
6.385057909149758792e+00
7.494408020645225044e+00
8.635680497970090741e+00
9.732044625136120786e+00
1.056649737830196223e+01
9.162154248006475044e+00
8.266097650004960329e+00
3.121329814637828548e+00
-2.890424820638743952e+00
-1.265612538399527054e+01
-2.539403475081146411e+01
-4.113219256633330190e+01
-5.942649804042879680e+01
-7.816677949548873983e+01
-8.486690479957867694e+01
-8.375821145070968043e+01
-8.522914609533802377e+01
-1.042623735496041775e+02
-1.331502402294006231e+02
-1.178685483990171718e+02
-8.484531478534893267e+01
-7.760801947775699716e+01
-1.177624891250107879e+02
-1.340367513465193952e+02
-1.052712980176954431e+02
-7.606396004588933124e+01
-8.943425521020191127e+01
-1.267971910098272872e+02
-1.302840676036014997e+02
-1.126671730374052487e+02
-8.994805802784887305e+01
-9.442751598971403837e+01
-1.279713827965830291e+02
-1.739250879238324785e+02
-1.843672827547952977e+02
-1.128328128630473373e+02
-7.967242654553788839e+01
-1.802986309144158668e+02
-2.952634478392968163e+02
-2.549287344330793985e+02
-6.296531002885431150e+01
-6.740443982880536566e+01
-2.390604156342900524e+02
-3.394387102980837767e+02
-1.972107489165955485e+02
-5.512522188990447347e+01
-5.604864267382338738e+01
-1.437330993421460050e+02
-2.291284189021717452e+02
-2.049720975241978351e+02
-6.876000182763900170e+01
4.399396921508490266e+01
-2.137486217044843428e+01
-2.218519037398379794e+02
-1.795034803993702894e+02
2.410637363447184711e+01
1.208962507176024985e+02
-6.653609203353268242e+01
-2.285563020319253837e+02
-1.145439594603555804e+02
7.860592710464686661e+01
9.801539811253611845e+01
-6.661827049100145359e+01
-1.624977093755833835e+02
-1.194255011625145215e+02
3.969365155338382323e+01
1.628116175492444597e+02
4.587655526132003558e+01
-3.039635154987229839e+02
-4.929052596658856373e+02
-2.378631617741439896e+01
4.467068494960281555e+02
-1.149843127049265092e+02
-1.165785316402512990e+03
-1.158777258063720865e+03
9.951495997146685113e+01
3.272460890054960032e+02
-9.664207902325032364e+02
-2.000030413616357237e+03
-1.382193068000657149e+03
-3.122119643938680724e+02
-2.088486588801821711e+02
-7.793133722149954110e+02
-1.531947139307435691e+03
-1.648368892467499563e+03
-7.299063268735935708e+02
1.997403387944492863e+02
-2.664397592590394765e+02
-1.688619864199488802e+03
-1.831441615074221545e+03
-4.140550215542128285e+02
4.312031725063754948e+02
-6.181505282179625738e+02
-1.811018821905549657e+03
-1.337181077271867252e+03
-6.031776802809417859e+01
1.158118964061463032e+02
-7.265086911747213207e+02
-1.311179431281706457e+03
-1.113867698252108312e+03
-4.568102628878884275e+02
2.001926522958819419e+02
-1.408039765024448720e+01
-1.381524696318536826e+03
-2.118345409617344558e+03
-6.936739411621208546e+02
1.061542251421228002e+03
-8.345197370337568543e+01
-3.009510361434133756e+03
-3.072985871499950463e+03
-5.228411317100839142e+02
8.493768919019862551e+02
-1.200036404006943258e+03
-2.958853745114152844e+03
-2.160398274197589217e+03
-3.086658852271737601e+02
6.346938126560354476e+02
2.592930201644044246e+02
-7.774081972054632388e+02
-1.316213351369477778e+03
-4.019862460596747411e+01
1.911445742929977769e+03
1.565438692091360281e+03
-2.913328138810148289e+02
-1.046030481361650118e+03
8.234416857074107838e+02
2.361065538777940219e+03
1.292644911222416340e+03
-4.411082887987615209e+02
-3.610138244027741621e+02
1.353950653306480717e+03
1.999147018624410293e+03
1.331182587754766018e+03
4.831550502256566233e+02
4.464474352364941865e+02
3.524666646049975498e+03
3.976078621380508139e+03
-8.324420938503415357e+00
5.286271007890643887e+03
-8.692033360770423087e+02
-1.797963764703399079e+02
4.013310949014087328e+02
-4.144222695970443965e+03
-7.480316357536986516e+02
-3.324584005759338083e+02
-1.091153895827468432e+03
3.606360683663930104e+03
2.046526084438668249e+03
2.946440054341705036e+03
4.079250797201916157e+03
1.789530835813783824e+03
3.336671698037278475e+03
2.562607235588045114e+03
2.191659505570988131e+03
2.452956070765173990e+03
1.959680659785748958e+03
1.440439269382159637e+03
1.246829944431795411e+03
2.399813212500921509e+02
6.201051182869383638e+02
5.833984016213011046e+02
8.291619321818558319e+02
1.207928449335015557e+03
1.572912998402587846e+03
1.511541326098819809e+03
3.087986137815153597e+03
2.633592360737450235e+03
2.305865321382535967e+03
2.657044781197205339e+03
1.069311465599985468e+03
-1.729322353114882844e+03
-2.718622858403951795e+03
-1.959642572432917177e+03
-1.116641839564770635e+03
-9.199355709458927777e+02
-1.677072502099972780e+03
-2.466663787892214259e+03
-1.835762773789272160e+03
-9.834024450866760390e+02
-5.751957416672172485e+02
