-4.188571476535138779e-05
-8.377142953070277557e-05
-1.396190492178379548e-04
-2.094285738267569457e-04
-2.932000033574597348e-04
-3.909333378099462950e-04
-5.026285771842166263e-04
-6.282857214802708371e-04
-7.679047706981087648e-04
-9.214857248377305177e-04
-1.089028583899135988e-03
-1.270533347882325283e-03
-1.466000016787298620e-03
-1.675428590614055566e-03
-1.942536422744313646e-03
-2.185353475587353041e-03
-2.442453884479982556e-03
-2.713837649422202840e-03
-2.999504770414013893e-03
-3.299455247455415283e-03
-3.613689080546407442e-03
-3.942206269686989069e-03
-4.285006814877162333e-03
-4.642090716116925933e-03
-5.013457973406279869e-03
-5.399108586745225008e-03
-5.799042556133760483e-03
-6.213259881571885426e-03
-3.339713056128838353e-03
-3.562360593204094011e-03
-3.792190308894680638e-03
-4.029202203200598666e-03
-4.273396276121847227e-03
-6.847219636633761208e-03
-7.238489330155689974e-03
-7.640627626275450432e-03
-8.053634524993042582e-03
-8.477510026308466423e-03
-1.049689069726967607e-02
-1.102173523213316117e-02
-1.155938085321282609e-02
-1.210982756050867429e-02
-1.267307535402070751e-02
-1.788605234629549179e-02
-1.868098800613084837e-02
-1.949320487596262197e-02
-2.032270295579081953e-02
-2.116948224561543759e-02
-2.483986184887413198e-02
-2.583345632282909449e-02
-2.684653304137141552e-02
-2.787909200450108468e-02
-2.893113321221810544e-02
-3.597929593580723173e-02
-3.728763396983658662e-02
-3.861933518304503515e-02
-3.997439957543258426e-02
-4.135282714699922008e-02
-4.741508872185210000e-02
-4.899559167924717046e-02
-5.060200452118970155e-02
-5.223432724767969326e-02
-5.389255985871714560e-02
-6.087126186976640069e-02
-6.274422377345152679e-02
-6.464556388779854612e-02
-6.657528221280745173e-02
-6.853337874847825750e-02
-7.639983702652110298e-02
-7.858268951299313132e-02
-8.079628640068306500e-02
-8.304062768959093177e-02
-8.531571337971671776e-02
-9.375854981805462063e-02
-9.625877781320274496e-02
-9.879190354512915051e-02
-1.013579270138337957e-01
-1.039568482193167082e-01
-1.068105397839411025e-01
-1.094808032785396235e-01
-1.121840329891208438e-01
-1.149202289156847773e-01
-1.176893910582313962e-01
-1.264534029145796823e-01
-1.294287771008051091e-01
-1.324387486612889353e-01
-1.354833175960312164e-01
-1.385624839050319246e-01
-1.479807499590156672e-01
-1.512692110692160363e-01
-1.545938091146933091e-01
-1.579545440954475133e-01
-1.613514160114786211e-01
-1.693494229352897340e-01
-1.729146739444537284e-01
-1.765170629849631967e-01
-1.801565900568180834e-01
-1.838332551600184439e-01
-1.858053118197385278e-01
-1.895214180561333173e-01
-1.932743174235814765e-01
-1.970640099220830888e-01
-2.008904955516380986e-01
-2.047537743122465337e-01
-2.086538462039083663e-01
-2.125907112266235965e-01
-2.165643693803922798e-01
-2.266536213513761500e-01
-2.308124033945206655e-01
-2.350089925471483543e-01
-2.392433888092591054e-01
-2.435155921808530299e-01
-2.478256026619300723e-01
-2.521734202524902324e-01
-2.565590449525335659e-01
-2.609824767620599895e-01
-2.650998671525495176e-01
-2.695930852398809030e-01
-2.741240614623999261e-01
-2.786927958201065869e-01
-2.832992883130008854e-01
-2.879435389410828772e-01
-2.926255477043525066e-01
-2.973453146028097738e-01
-3.021028396364547342e-01
-3.055116572365314531e-01
-3.103228644371068268e-01
-3.151716591939365819e-01
-3.200580415070208296e-01
-3.249820113763596252e-01
-3.299435688019529134e-01
-3.349427137838006940e-01
-3.399794463219029672e-01
-3.450537664162597329e-01
-3.547645659578980148e-01
-3.599816919278671090e-01
-3.652368991092957984e-01
-3.705301875021841940e-01
-3.758615571065321292e-01
-3.812310079223397707e-01
-3.866385399496070074e-01
-3.920841531883338393e-01
-3.975678476385203219e-01
-3.964521049557946375e-01
-4.019204098517366597e-01
-4.074261688908015211e-01
-4.129693820729892773e-01
-4.185500493982999837e-01
-4.241681708667335293e-01
-4.298237464782899697e-01
-4.355167762329693049e-01
-4.412472601307715347e-01
-4.400902324441609004e-01
-4.458056900083707808e-01
-4.515580214923498037e-01
-4.573472268960979137e-01
-4.631733062196150552e-01
-4.690362594629012838e-01
-4.749360866259567104e-01
-4.808727877087811686e-01
-4.868463627113746583e-01
-4.770167155546204962e-01
-4.828696813896465323e-01
-4.887583360407397048e-01
-4.946826795079002359e-01
-5.006427117911279590e-01
-5.066384328904228740e-01
-5.126698428057849810e-01
-5.187369415372145021e-01
-5.248397290847111041e-01
-5.241657290440344674e-01
-5.302606793817556952e-01
-5.363908606462847173e-01
-5.425562728376213117e-01
-5.487569159557655896e-01
-5.549927900007174397e-01
-5.612638949724769732e-01
-5.675702308710441901e-01
-5.739117976964189793e-01
-5.846458175869375662e-01
-5.911059923669037541e-01
-5.976016626126938736e-01
-6.041328283243080355e-01
-6.106994895017461289e-01
-6.173016461450082648e-01
-6.239392982540943322e-01
-6.306124458290044421e-01
-6.373210888697385945e-01
-6.474590228386051249e-01
-6.542743809737483485e-01
-6.611254216122168792e-01
-6.680121447540108282e-01
-6.749345503991301953e-01
-6.818926385475747587e-01
-6.888864091993447403e-01
-6.959158623544400291e-01
-7.029809980128608471e-01
-7.119265560571366169e-01
-7.190815968215299447e-01
-7.262724127897451920e-01
-7.334990039617825808e-01
-7.407613703376417780e-01
-7.480595119173230056e-01
-7.553934287008261528e-01
-7.627631206881512194e-01
-7.701685878792983164e-01
-7.858206910817965296e-01
-7.933766592652753413e-01
-8.009687804065698247e-01
-8.085970545056799796e-01
-8.162614815626059173e-01
-8.239620615773474155e-01
-8.316987945499046964e-01
-8.394716804802776489e-01
-8.472807193684662730e-01
-8.686028799183417304e-01
-8.766084364152849639e-01
-8.846507156484527679e-01
-8.927297176178450311e-01
-9.008454423234617536e-01
-9.089978897653030465e-01
-9.171870599433687987e-01
-9.254129528576592323e-01
-9.336755685081740141e-01
-1.000611863203280327e+00
-1.009466835444017274e+00
-1.018360816373039324e+00
-1.027293805990346698e+00
-1.036265804295939175e+00
-1.045276811289816976e+00
-1.054326826971979880e+00
-1.063415851342428109e+00
-1.072543884401161218e+00
-1.094367935040264861e+00
-1.103681704700181898e+00
-1.113034939485776587e+00
-1.122427639397049148e+00
-1.131859804433999139e+00
-1.141331434596626559e+00
-1.150842529884931853e+00
-1.160393090298914576e+00
-1.169983115838575172e+00
-1.249052136625794285e+00
-1.259290268893218601e+00
-1.269570189455612397e+00
-1.279891898312975229e+00
-1.290255395465306876e+00
-1.300660680912607781e+00
-1.311107754654877722e+00
-1.321596616692116699e+00
-1.332127267024324713e+00
-1.372300030329118625e+00
-1.383148251912748039e+00
-1.394039183030171269e+00
-1.404972823681388316e+00
-1.415949173866399180e+00
-1.426968233585203860e+00
-1.438030002837802357e+00
-1.449134481624194670e+00
-1.460281669944380800e+00
-1.584872952926306588e+00
-1.596971219742537862e+00
-1.609115487573279601e+00
-1.621305756418531807e+00
-1.633542026278294257e+00
-1.645824297152567173e+00
-1.658152569041350555e+00
-1.670526841944644181e+00
-1.682947115862448051e+00
-1.751885670985636301e+00
-1.764814716527965732e+00
-1.777791295325965359e+00
-1.790815407379635404e+00
-1.803887052688975867e+00
-1.817006231253986748e+00
-1.830172943074667602e+00
-1.843387188151019096e+00
-1.856648966483040786e+00
-1.943911918338434797e+00
-1.957797003469423425e+00
-1.971731501714757417e+00
-1.985715413074436775e+00
-1.999748737548460831e+00
-2.013831475136830473e+00
-2.027963625839544815e+00
-2.042145189656604742e+00
-2.056376166588009813e+00
-2.252071839403393394e+00
-2.267657111648399226e+00
-2.283296126211491917e+00
-2.298988883092670577e+00
-2.314735382291935206e+00
-2.330535623809286250e+00
-2.346389607644723707e+00
-2.362297333798247134e+00
-2.378258802269856975e+00
-2.456660967232340731e+00
-2.473148624730544753e+00
-2.489691424895966509e+00
-2.506289367728605999e+00
-2.522942453228464110e+00
-2.539650681395539955e+00
-2.556414052229833977e+00
-2.573232565731346178e+00
-2.590106221900076111e+00
-2.862018808290445637e+00
-2.880663881960090489e+00
-2.899369491583208003e+00
-2.918135637159798179e+00
-2.936962318689861462e+00
-2.955849536173397407e+00
-2.974797289610406459e+00
-2.993805579000888173e+00
-3.012874404344842993e+00
-3.304646555382547035e+00
-3.325562039910284540e+00
-3.346543503884482185e+00
-3.367590947305139526e+00
-3.388704370172256120e+00
-3.409883772485832409e+00
-3.431129154245868840e+00
-3.452440515452364966e+00
-3.473817856105320789e+00
-3.847512560075149413e+00
-3.871189560444842304e+00
-3.894939189650025835e+00
-3.918761447690698674e+00
-3.942656334566861265e+00
-3.966623850278514052e+00
-3.990663994825656591e+00
-4.014776768208289326e+00
-4.038962170426411369e+00
-4.252804030327705043e+00
-4.278269922724876828e+00
-4.303811832711294194e+00
-4.329429760286956252e+00
-4.355123705451863891e+00
-4.380893668206017111e+00
-4.406739648549415023e+00
-4.432661646482059403e+00
-4.458659662003947588e+00
-4.704980041712644834e+00
-4.732414327670152687e+00
-4.759928364458932748e+00
-4.787522152078985016e+00
-4.815195690530308603e+00
-4.842948979812903509e+00
-4.870782019926770623e+00
-4.898694810871909944e+00
-4.926687352648321472e+00
-5.188756483466733904e+00
-5.218238054395522241e+00
-5.247803142522409203e+00
-5.277451747847393904e+00
-5.307183870370478118e+00
-5.336999510091660959e+00
-5.366898667010941537e+00
-5.396881341128321630e+00
-5.426947532443799460e+00
-5.335251991280474115e+00
-5.364810174057651260e+00
-5.394450009273440649e+00
-5.424171496927839620e+00
-5.453974637020849059e+00
-5.483859429552469855e+00
-5.513825874522702009e+00
-5.543873971931545519e+00
-5.574003721778999498e+00
-5.527593939361439723e+00
-5.557472825520150650e+00
-5.587432247760150794e+00
-5.617472206081442820e+00
-5.647592700484024064e+00
-5.677793730967895414e+00
-5.708075297533057757e+00
-5.738437400179510206e+00
-5.768880038907252761e+00
-5.361879433086919278e+00
-5.390174311361784376e+00
-5.418543649842635368e+00
-5.446987448529473141e+00
-5.475505707422298585e+00
-5.504098426521109033e+00
-5.532765605825906263e+00
-5.561507245336690275e+00
-5.590323345053461068e+00
-5.380875922835047120e+00
-5.408612396664094213e+00
-5.436420172482418600e+00
-5.464299250290021170e+00
-5.492249630086900147e+00
-5.520271311873058195e+00
-5.548364295648493538e+00
-5.576528581413207064e+00
-5.604764169167197885e+00
-5.294710986862090074e+00
-5.321384593848801359e+00
-5.348125219948543396e+00
-5.374932865161317963e+00
-5.401807529487125059e+00
-5.428749212925963796e+00
-5.455757915477834175e+00
-5.482833637142736194e+00
-5.509976377920670743e+00
-5.166941878204282190e+00
-5.192394793860461100e+00
-5.217910247392944179e+00
-5.243488238801734092e+00
-5.269128768086828174e+00
-5.294831835248227314e+00
-5.320597440285931512e+00
-5.346425583199940768e+00
-5.372316263990255081e+00
-5.233905446109337944e+00
-5.259129086813480569e+00
-5.284413361269313825e+00
-5.309758269476840375e+00
-5.335163811436059333e+00
-5.360629987146971587e+00
-5.386156796609576247e+00
-5.411744239823874203e+00
-5.437392316789863678e+00
-4.795947230977432696e+00
-4.818569623576383520e+00
-4.841245245334389047e+00
-4.863974096251452828e+00
-4.886756176327572199e+00
-4.909591485562747160e+00
-4.932480023956978599e+00
-4.955421791510267404e+00
-4.978416788222612688e+00
-4.861843270566308384e+00
-4.884299821469617164e+00
-4.906808115577772078e+00
-4.929368152890773125e+00
-4.951979933408620305e+00
-4.974643457131314506e+00
-4.997358724058854840e+00
-5.020125734191241307e+00
-5.042944487528473907e+00
-4.951919338479272348e+00
-4.974326213314020251e+00
-4.996783668001667955e+00
-5.019291702542216349e+00
-5.041850316935664544e+00
-5.064459511182012541e+00
-5.087119285281261227e+00
-5.109829639233409715e+00
-5.132590573038458004e+00
-5.601938326740270924e+00
-5.626780625306746941e+00
-5.651677884710759159e+00
-5.676630104952307576e+00
-5.701637286031392193e+00
-5.726699427948013899e+00
-5.751816530702171804e+00
-5.776988594293865908e+00
-5.802215618723097101e+00
-5.902252275130241088e+00
-5.927914241543850160e+00
-5.953631873828205023e+00
-5.979405171983305678e+00
-6.005234136009151236e+00
-6.031118765905743473e+00
-6.057059061673078837e+00
-6.083055023311160880e+00
-6.109106650819988715e+00
-6.372904838992972110e+00
-6.400081405470553264e+00
-6.427315794430002782e+00
-6.454608005871318888e+00
-6.481958039794503357e+00
-6.509365896199553525e+00
-6.536831575086472057e+00
-6.564355076455257176e+00
-6.591936400305908883e+00
-6.563800664173800037e+00
-6.591264265279129120e+00
-6.618785201668603513e+00
-6.646363473342223216e+00
-6.673999080299986453e+00
-6.701692022541895888e+00
-6.729442300067948857e+00
-6.757249912878147136e+00
-6.785114860972489836e+00
-7.837315903808891093e+00
-7.869502006083260781e+00
-7.901754063485241453e+00
-7.934072076014833108e+00
-7.966456043672036635e+00
-7.998905966456851147e+00
-8.031421844369278418e+00
-8.064003677409315785e+00
-8.096651465576963247e+00
-8.206107136730462770e+00
-8.239196278410828356e+00
-8.272351997841052906e+00
-8.305574295021138198e+00
-8.338863169951080678e+00
-8.372218622630885676e+00
-8.405640653060549639e+00
-8.439129261240074342e+00
-8.472684447169458011e+00
-7.935551776576627248e+00
-7.966979704404653972e+00
-7.998469742761984413e+00
-8.030021891648619459e+00
-8.061636151064559996e+00
-8.093312521009801586e+00
-8.125051001484351332e+00
-8.156851592488203906e+00
-8.188714294021361084e+00
-7.178151549879987492e+00
-7.206082100657731360e+00
-7.234066885514653933e+00
-7.262105904450756988e+00
-7.290199157466040525e+00
-7.318346644560504544e+00
-7.346548365734147268e+00
-7.374804320986971362e+00
-7.403114510318975050e+00
-7.557373289082633505e+00
-7.586273378142221802e+00
-7.615228620043528629e+00
-7.644239014786551323e+00
-7.673304562371291659e+00
-7.702425262797748751e+00
-7.731601116065921708e+00
-7.760832122175811421e+00
-7.790118281127417887e+00
-8.343163766329452002e+00
-8.374529043646479209e+00
-8.405953167637649770e+00
-8.437436138302958355e+00
-8.468977955642408517e+00
-8.500578619656000257e+00
-8.532238130343731797e+00
-8.563956487705603138e+00
-8.595733691741617832e+00
-8.355289189142338202e+00
-8.386177504074472822e+00
-8.417122808517550681e+00
-8.448125102471575332e+00
-8.479184385936544999e+00
-8.510300658912457905e+00
-8.541473921399317604e+00
-8.572704173397120542e+00
-8.603991414905868496e+00
-8.267723955280589010e+00
-8.297788406027063246e+00
-8.327907420205020728e+00
-8.358080997814459678e+00
-8.388309138855380098e+00
-8.418591843327781987e+00
-8.448929111231667122e+00
-8.479320942567031949e+00
-8.509767337333878245e+00
-8.265289182817667779e+00
-8.294860879357266015e+00
-8.324485382497828212e+00
-8.354162692239352594e+00
-8.383892808581842715e+00
-8.413675731525295021e+00
-8.443511461069709512e+00
-8.473399997215089741e+00
-8.503341339961432155e+00
-8.107829356297830969e+00
-8.136378051214371965e+00
-8.164976919584194803e+00
-8.193625961407297709e+00
-8.222325176683678905e+00
-8.251074565413341944e+00
-8.279874127596286826e+00
-8.308723863232509999e+00
-8.337623772322015014e+00
-8.554770072244959778e+00
-8.584422654817730702e+00
-8.614126539436478325e+00
-8.643881726101197316e+00
-8.673688214811893005e+00
-8.703546005568560062e+00
-8.733455098371200265e+00
-8.763415493219815389e+00
-8.793427190114403658e+00
-8.577848176303600525e+00
-8.607124108645935578e+00
-8.636449914808272510e+00
-8.665825594790613096e+00
-8.695251148592959112e+00
-8.724726576215307006e+00
-8.754251877657660330e+00
-8.783827052920017309e+00
-8.813452102002377941e+00
-8.570934664965655259e+00
-8.599744529385709768e+00
-8.628602732504452533e+00
-8.657509274321888881e+00
-8.686464154838013485e+00
-8.715467374052833449e+00
-8.744518931966341668e+00
-8.773618828578543472e+00
-8.802767063889435306e+00
-7.224045011004221806e+00
-7.247965689848606452e+00
-7.271925907005130973e+00
-7.295925662473794482e+00
-7.319964956254597865e+00
-7.344043788347540236e+00
-7.368162158752623370e+00
-7.392320067469844602e+00
-7.416517514499205710e+00
-5.178897155638886751e+00
-5.195794046848148717e+00
-5.212718457424201368e+00
-5.229670387367043816e+00
-5.246649836676677836e+00
-5.263656805353100765e+00
-5.280691293396315267e+00
-5.297753300806319565e+00
-5.314842827583113660e+00
-5.565935696990055526e+00
-5.583832596337290788e+00
-5.601758222649769969e+00
-5.619712575927493958e+00
-5.637695656170461866e+00
-5.655707463378673694e+00
-5.673747997552131217e+00
-5.691817258690831771e+00
-5.709915246794777133e+00
-5.137034886955083479e+00
-5.153317089449394928e+00
-5.169625054922335927e+00
-5.185958783373907366e+00
-5.202318274804109244e+00
-5.218703529212940673e+00
-5.235114546600402541e+00
-5.251551326966494848e+00
-5.268013870311217595e+00
-1.992264344363820161e+00
-1.998490170439957136e+00
-2.004725709193279748e+00
-2.010970960623788439e+00
-2.017225924731482767e+00
-2.023490601516363618e+00
-2.029764990978429662e+00
-2.036049093117681785e+00
-2.042342907934119989e+00
2.166520777133777553e+00
2.173197266431570185e+00
2.179884027251359768e+00
2.186581059593145859e+00
2.193288363456928458e+00
2.200005938842707565e+00
2.206733785750483623e+00
2.213471904180256189e+00
2.220220294132025263e+00
3.513586211132830428e+00
3.524265804479738584e+00
3.534961603582864154e+00
3.545673608442205804e+00
3.556401819057764424e+00
3.567146235429540457e+00
3.577906857557533016e+00
3.588683685441742544e+00
3.599476719082168596e+00
2.877267715898889300e+00
2.885895205301884481e+00
2.894535610108177615e+00
2.903188930317768257e+00
2.911855165930657297e+00
2.920534316946843845e+00
2.929226383366328790e+00
2.937931365189111244e+00
2.946649262415192094e+00
3.008734856437778493e+00
3.017636438853275038e+00
3.026551169839547750e+00
3.035479049396596629e+00
3.044420077524421231e+00
3.053374254223022888e+00
3.062341579492400268e+00
3.071322053332553814e+00
3.080315675743483528e+00
5.231174549597959356e+00
5.246448051932552481e+00
5.261743818847807397e+00
5.277061850343724991e+00
5.292402146420306153e+00
5.307764707077549104e+00
5.323149532315455623e+00
5.338556622134023932e+00
5.353985976533254920e+00
6.918052824108118948e+00
6.937989575762609107e+00
6.957955013390702881e+00
6.977949136992400270e+00
6.997971946567702162e+00
7.018023442116606780e+00
7.038103623639114126e+00
7.058212491135225974e+00
7.078350044604941438e+00
7.797402096255770410e+00
7.819585317013254766e+00
7.841800048027496750e+00
7.864046289298496362e+00
7.886324040826254489e+00
7.908633302610770244e+00
7.930974074652042738e+00
7.953346356950074636e+00
7.975750149504863273e+00
4.832620956502644560e+00
4.846195734470348349e+00
4.859789551397333263e+00
4.873402407283601079e+00
4.887034302129149133e+00
4.900685235933979200e+00
4.914355208698090394e+00
4.928044220421483601e+00
4.941752271104158822e+00
3.617235448964124078e+00
3.627269389183164439e+00
3.637317226826330963e+00
3.647378961893624094e+00
3.657454594385042945e+00
3.667544124300587516e+00
3.677647551640258694e+00
3.687764876404056036e+00
3.697896098591979097e+00
2.209991110127282443e+00
2.216045880292014658e+00
2.222108933316069734e+00
2.228180269199446784e+00
2.234259887942146250e+00
2.240347789544169022e+00
2.246443974005513322e+00
2.252548441326180484e+00
2.258661191506170063e+00
1.933608263559841056e+00
1.938841303515348002e+00
1.944081415146470482e+00
1.949328598453208716e+00
1.954582853435562484e+00
1.959844180093531563e+00
1.965112578427116397e+00
1.970388048436316764e+00
1.975670590121132442e+00
1.931890538982880656e+00
1.937056021707433739e+00
1.942228400937627164e+00
1.947407676673460708e+00
1.952593848914934815e+00
1.957786917662048820e+00
1.962986882914803388e+00
1.968193744673198076e+00
1.973407502937233104e+00
-1.276832165959476795e+00
-1.280205566662143912e+00
-1.283583417761516410e+00
-1.286965719257594065e+00
-1.290352471150377101e+00
-1.293743673439865738e+00
-1.297139326126059533e+00
-1.300539429208958708e+00
-1.303943982688563485e+00
-4.793415020944182814e+00
-4.805930464863097384e+00
-4.818462226179558883e+00
-4.831010304893568197e+00
-4.843574701005124439e+00
-4.856155414514228497e+00
-4.868752445420880370e+00
-4.881365793725079172e+00
-4.893995459426826677e+00
-6.532032356766133141e+00
-6.548889214461013353e+00
-6.565767794910654764e+00
-6.582668098115058264e+00
-6.599590124074222963e+00
-6.616533872788148862e+00
-6.633499344256836849e+00
-6.650486538480286036e+00
-6.667495455458496423e+00
-5.127153788589782657e+00
-5.140233262540266246e+00
-5.153329398241006665e+00
-5.166442195692001249e+00
-5.179571654893250887e+00
-5.192717775844757355e+00
-5.205880558546517989e+00
-5.219060002998534564e+00
-5.232256109200807082e+00
-4.535732645903220117e+00
-4.547172072500705653e+00
-4.558625906436476249e+00
-4.570094147710530130e+00
-4.581576796322868184e+00
-4.593073852273490409e+00
-4.604585315562395920e+00
-4.616111186189586491e+00
-4.627651464155060346e+00
-8.769731244586491670e+00
-8.791600898563016742e+00
-8.813497787475998990e+00
-8.835421911325443745e+00
-8.857373270111343899e+00
-8.879351863833704783e+00
-8.901357692492524620e+00
-8.923390756087803410e+00
-8.945451054619541154e+00
-1.207611413052517690e+01
-1.210589492986062687e+01
-1.213571240505732796e+01
-1.216556655611527837e+01
-1.219545738303448168e+01
-1.222538488581493432e+01
-1.225534906445663630e+01
-1.228534991895959116e+01
-1.231538744932379537e+01
-1.172014198456982648e+01
-1.174872769672731287e+01
-1.177734822704820772e+01
-1.180600357553250923e+01
-1.183469374218021919e+01
-1.186341872699133759e+01
-1.189217852996586267e+01
-1.192097315110379441e+01
-1.194980259040513282e+01
-9.657373864788899809e+00
-9.680672716091166308e+00
-9.703999638298615338e+00
-9.727354631411246899e+00
-9.750737695429062768e+00
-9.774148830352061168e+00
-9.797588036180243876e+00
-9.821055312913609114e+00
-9.844550660552158661e+00
-1.036341030363394466e+01
-1.038814397977627024e+01
-1.041290713586632144e+01
-1.043769977190409648e+01
-1.046252188788960069e+01
-1.048737348382283052e+01
-1.051225455970378597e+01
-1.053716511553246704e+01
-1.056210515130887551e+01
-1.328100161812584012e+01
-1.331236171639768351e+01
-1.334375879591748948e+01
-1.337519285668525804e+01
-1.340666389870098740e+01
-1.343817192196468113e+01
-1.346971692647633390e+01
-1.350129891223595102e+01
-1.353291787924352896e+01
-1.402388175496549927e+01
-1.405664783383224048e+01
-1.408945214616323760e+01
-1.412229469195848885e+01
-1.415517547121799780e+01
-1.418809448394176087e+01
-1.422105173012977986e+01
-1.425404720978205120e+01
-1.428708092289858023e+01
-1.561264598338457432e+01
-1.564874458681436487e+01
-1.568488487454372837e+01
-1.572106684657266484e+01
-1.575729050290117428e+01
-1.579355584352925490e+01
-1.582986286845690849e+01
-1.586621157768413504e+01
-1.590260197121093277e+01
-1.225898380090037953e+01
-1.228703639541044801e+01
-1.231512105002853019e+01
-1.234323776475462253e+01
-1.237138653958872681e+01
-1.239956737453084301e+01
-1.242778026958096937e+01
-1.245602522473910767e+01
-1.248430224000525790e+01
-9.955054524082152412e+00
-9.977602778949835383e+00
-1.000017654089316110e+01
-1.002277580991212957e+01
-1.004540058600673902e+01
-1.006805086917699121e+01
-1.009072665942288616e+01
-1.011342795674442208e+01
-1.013615476114160074e+01
-1.062614655948341635e+01
-1.064997200019974599e+01
-1.067382412114084289e+01
-1.069770292230670528e+01
-1.072160840369733492e+01
-1.074554056531273183e+01
-1.076949940715289422e+01
-1.079348492921782210e+01
-1.081749713150751724e+01
-1.354288981096040523e+01
-1.357295171953079560e+01
-1.360304695615946713e+01
-1.363317552084641981e+01
-1.366333741359165543e+01
-1.369353263439517399e+01
-1.372376118325697192e+01
-1.375402306017705456e+01
-1.378431826515541836e+01
-1.480273271413560643e+01
-1.483526619262821100e+01
-1.486783538295231288e+01
-1.490044028510791030e+01
-1.493308089909500325e+01
-1.496575722491359173e+01
-1.499846926256367574e+01
-1.503121701204525529e+01
-1.506400047335833214e+01
-3.821090063706862328e+00
-3.829405820102307345e+00
-3.837730615363398989e+00
-3.846064449490138593e+00
-3.854407322482525267e+00
-3.862759234340558567e+00
-3.871120185064239383e+00
-3.879490174653567713e+00
-3.887869203108542671e+00
9.724966520946576765e+00
9.745925500517582662e+00
9.766907040884682090e+00
9.787911142047875046e+00
9.808937804007161532e+00
9.829987026762541547e+00
9.851058810314015091e+00
9.872153154661583940e+00
9.893270059805242767e+00
8.160971386070595912e+00
8.178390748687609957e+00
8.195828682053679870e+00
8.213285186168810981e+00
8.230760261032999736e+00
8.248253906646247913e+00
8.265766123008553734e+00
8.283296910119918977e+00
8.300846267980341864e+00
1.643439620553079239e+00
1.646914122922113366e+00
1.650392294248242298e+00
1.653874134531466256e+00
1.657359643771785462e+00
1.660848821969199918e+00
1.664341669123709178e+00
1.667838185235313686e+00
1.671338370304013221e+00
1.109317295546434146e+01
1.111640473128730378e+01
1.113966080813100135e+01
1.116294118599543417e+01
1.118624586488060224e+01
1.120957484478650379e+01
1.123292812571314414e+01
1.125630570766051797e+01
1.127970759062862705e+01
3.634956477530708696e+01
3.642497881011063043e+01
3.650047099417303542e+01
3.657604132749430903e+01
3.665168981007443705e+01
3.672741644191343369e+01
3.680322122301129895e+01
3.687910415336802572e+01
3.695506523298360690e+01
4.928203680782196727e+01
4.938333595850608049e+01
4.948473911242498957e+01
4.958624626957868031e+01
4.968785742996715982e+01
4.978957259359042808e+01
4.989139176044848512e+01
4.999331493054133091e+01
5.009534210386896547e+01
3.551306074562667447e+01
3.558538877158517977e+01
3.565779037641038229e+01
3.573026556010227495e+01
3.580281432266085773e+01
3.587543666408613063e+01
3.594813258437810077e+01
3.602090208353676104e+01
3.609374516156211143e+01
2.564860761421483204e+01
2.570037069719003853e+01
2.575218596069244015e+01
2.580405340472202980e+01
2.585597302927881458e+01
2.590794483436279450e+01
2.595996881997396244e+01
2.601204498611232552e+01
2.606417333277788018e+01
3.361422343780473199e+01
3.368145188468034235e+01
3.374874749284154518e+01
3.381611026228833339e+01
3.388354019302071407e+01
3.395103728503868012e+01
3.401860153834224576e+01
3.408623295293139677e+01
3.415393152880613314e+01
4.576893835805677213e+01
4.585965974231456244e+01
4.595047094972509427e+01
4.604137198028834632e+01
4.613236283400433280e+01
4.622344351087304659e+01
4.631461401089448771e+01
4.640587433406867035e+01
4.649722448039557321e+01
4.166886430781046613e+01
4.175072848130322001e+01
4.183267299255209082e+01
4.191469784155709988e+01
4.199680302831823298e+01
4.207898855283548301e+01
4.216125441510887129e+01
4.224360061513837650e+01
4.232602715292401285e+01
2.672060752778186554e+01
2.677264376444745864e+01
2.682473062002031483e+01
2.687686809450043057e+01
2.692905618788780941e+01
2.698129490018245136e+01
2.703358423138435640e+01
2.708592418149352099e+01
2.713831475050994868e+01
8.930316923591139044e+00
8.947556917652125463e+00
8.964813536586845544e+00
8.982086780395297509e+00
8.999376649077483137e+00
9.016683142633400649e+00
9.034006261063051824e+00
9.051346004366436659e+00
9.068702372543551604e+00
-1.774800040348160968e+00
-1.778196786836865773e+00
-1.781596780693150306e+00
-1.785000021917015012e+00
-1.788406510508459668e+00
-1.791816246467484275e+00
-1.795229229794089054e+00
-1.798645460488273784e+00
-1.802064938550038464e+00
-3.024108945783162916e+00
-3.029847292928861791e+00
-3.035591079266167558e+00
-3.041340304795080662e+00
-3.047094969515601104e+00
-3.052855073427729327e+00
-3.058620616531463998e+00
-3.064391598826806451e+00
-3.070168020313756241e+00
4.461482570029709827e+00
4.469876704686398305e+00
4.478278728567387290e+00
4.486688641672678557e+00
4.495106444002270329e+00
4.503532135556163496e+00
4.511965716334358945e+00
4.520407186336855787e+00
4.528856545563654024e+00
-1.144357139216424279e+01
-1.146492133879141484e+01
-1.148629118285253625e+01
-1.150768092434760526e+01
-1.152909056327662540e+01
-1.155052009963959136e+01
-1.157196953343650847e+01
-1.159343886466737494e+01
-1.161492809333218901e+01
-3.311576285390864172e+01
-3.317703161034511083e+01
-3.323835699224962781e+01
-3.329973899962219974e+01
-3.336117763246284085e+01
-3.342267289077152270e+01
-3.348422477454826662e+01
-3.354583328379306550e+01
-3.360749841850591935e+01
-4.615294391063752499e+01
-4.623762821139099088e+01
-4.632239013295174601e+01
-4.640722967531978327e+01
-4.649214683849512397e+01
-4.657714162247774681e+01
-4.666221402726765888e+01
-4.674736405286486018e+01
-4.683259169926935783e+01
-3.069691562874631074e+01
-3.075277898748834460e+01
-3.080869313110195762e+01
-3.086465805958715691e+01
-3.092067377294393893e+01
-3.097674027117230366e+01
-3.103285755427225467e+01
-3.108902562224378840e+01
-3.114524447508690486e+01
-2.844450079572703416e+01
-2.849584465997924809e+01
-2.854723482167443294e+01
-2.859867128081258514e+01
-2.865015403739370470e+01
-2.870168309141779517e+01
-2.875325844288485300e+01
-2.880488009179487818e+01
-2.885654803814787428e+01
-4.488397512898362152e+01
-4.496434034855207784e+01
-4.504477745114341047e+01
-4.512528643675760520e+01
-4.520586730539467624e+01
-4.528652005705460937e+01
-4.536724469173741880e+01
-4.544804120944309034e+01
-4.552890961017163818e+01
-6.554591096818430174e+01
-6.566233354539244260e+01
-6.577885942568595112e+01
-6.589548860906482730e+01
-6.601222109552907114e+01
-6.612905688507868263e+01
-6.624599597771366177e+01
-6.636303837343399437e+01
-6.648018407223970883e+01
-5.637791264354591902e+01
-5.647725698300591546e+01
-5.657668877346895897e+01
-5.667620801493504246e+01
-5.677581470740417302e+01
-5.687550885087634356e+01
-5.697529044535156117e+01
-5.707515949082983298e+01
-5.717511598731114475e+01
-3.615184056406503288e+01
-3.621504308253367554e+01
-3.627830079970840416e+01
-3.634161371558922582e+01
-3.640498183017612632e+01
-3.646840514346911988e+01
-3.653188365546819227e+01
-3.659541736617335772e+01
-3.665900627558460201e+01
-3.538379242555073745e+01
-3.544516934216054693e+01
-3.550659944500657872e+01
-3.556808273408883991e+01
-3.562961920940733052e+01
-3.569120887096205053e+01
-3.575285171875300705e+01
-3.581454775278019298e+01
-3.587629697304360832e+01
-4.273540726872987960e+01
-4.280896218657623820e+01
-4.288258035026768056e+01
-4.295626175980422090e+01
-4.303000641518586633e+01
-4.310381431641259553e+01
-4.317768546348442982e+01
-4.325161985640134787e+01
-4.332561749516337102e+01
-4.192534321760280136e+01
-4.199694926921271332e+01
-4.206861641813628694e+01
-4.214034466437351512e+01
-4.221213400792440495e+01
-4.228398444878896356e+01
-4.235589598696716962e+01
-4.242786862245904445e+01
-4.249990235526458093e+01
-3.270179375691033385e+01
-3.275722052598984391e+01
-3.281269422713462092e+01
-3.286821486034466488e+01
-3.292378242561996871e+01
-3.297939692296054659e+01
-3.303505835236638433e+01
-3.309076671383748902e+01
-3.314652200737386778e+01
-1.527946677580375656e+01
-1.530516814969072570e+01
-1.533089112137087895e+01
-1.535663569084421276e+01
-1.538240185811073069e+01
-1.540818962317043095e+01
-1.543399898602331177e+01
-1.545982994666937671e+01
-1.548568250510862399e+01
-2.374651697648120716e-02
-2.378616057744361439e-02
-2.382583724229339617e-02
-2.386554697103054901e-02
-2.390528976365507985e-02
-2.394506562016698870e-02
-2.398487454056626861e-02
-2.402471652485292306e-02
-2.406459157302695204e-02
7.166764381149707930e+00
7.178639715666940369e+00
7.190524880759103787e+00
7.202419876426199963e+00
7.214324702668226230e+00
7.226239359485184366e+00
7.238163846877074370e+00
7.250098164843895354e+00
7.262042313385648207e+00
1.056379083352959647e+01
1.058116548950579627e+01
1.059855442210975163e+01
1.061595763134145720e+01
1.063337511720091833e+01
1.065080687968813322e+01
1.066825291880310189e+01
1.068571323454582256e+01
1.070318782691629877e+01
2.165247000745869244e+01
2.168782097889944183e+01
2.172320078473777727e+01
2.175860942497369521e+01
2.179404689960720631e+01
2.182951320863829991e+01
2.186500835206697957e+01
2.190053232989324528e+01
2.193608514211709704e+01
6.025049691717978817e+01
6.034814764151881405e+01
6.044587743527026902e+01
6.054368629843413885e+01
6.064157423101042355e+01
6.073954123299913022e+01
6.083758730440025886e+01
6.093571244521380947e+01
6.103391665543978206e+01
1.029243624726664592e+02
1.030899688483264214e+02
1.032557083480825639e+02
1.034215809719349153e+02
1.035875867198834328e+02
1.037537255919281591e+02
1.039199975880690801e+02
1.040864027083061671e+02
1.042529409526394630e+02
1.205660243834447272e+02
1.207586218664853845e+02
1.209513730586106703e+02
1.211442779598205703e+02
1.213373365701150988e+02
1.215305488894942698e+02
1.217239149179580693e+02
1.219174346555064830e+02
1.221111081021395250e+02
1.079107838026856996e+02
1.080819349268771248e+02
1.082532216700258942e+02
1.084246440321320364e+02
1.085962020131955228e+02
1.087678956132163819e+02
1.089397248321946137e+02
1.091116896701302039e+02
1.092837901270231669e+02
1.260186691136402146e+02
1.262171237106695543e+02
1.264157344482158578e+02
1.266145013262790826e+02
1.268134243448592713e+02
1.270125035039563670e+02
1.272117388035704266e+02
1.274111302437014075e+02
1.276106778243493380e+02
1.708081377591977343e+02
1.710752341434967150e+02
1.713425391968459053e+02
1.716100529192453621e+02
1.718777753106950570e+02
1.721457063711949615e+02
1.724138461007451042e+02
1.726821944993454849e+02
1.729507515669961037e+02
1.935542228158529383e+02
1.938547728512812967e+02
1.941555560519814776e+02
1.944565724179535380e+02
1.947578219491974778e+02
1.950593046457132402e+02
1.953610205075009105e+02
1.956629695345604034e+02
1.959651517268917758e+02
1.726646689111833552e+02
1.729309212919253298e+02
1.731973787977680672e+02
1.734640414287115107e+02
1.737309091847556886e+02
1.739979820659005725e+02
1.742652600721461909e+02
1.745327432034925437e+02
1.748004314599396309e+02
1.425992940121234938e+02
1.428176696537959458e+02
1.430362123770611333e+02
1.432549221819190279e+02
1.434737990683696296e+02
1.436928430364129383e+02
1.439120540860489541e+02
1.441314322172777054e+02
1.443509774300991353e+02
1.411968195101035235e+02
1.414115675245675448e+02
1.416264787214134060e+02
1.418415531006410504e+02
1.420567906622505348e+02
1.422721914062418023e+02
1.424877553326149098e+02
1.427034824413698004e+02
1.429193727325065311e+02
1.419147131368406178e+02
1.421290858152950705e+02
1.423436202844502532e+02
1.425583165443061091e+02
1.427731745948627236e+02
1.429881944361200397e+02
1.432033760680780858e+02
1.434187194907368621e+02
1.436342247040963116e+02
1.362688867739726106e+02
1.364733412177445189e+02
1.366779489257171463e+02
1.368827098978905212e+02
1.370876241342645869e+02
1.372926916348394002e+02
1.374979123996149610e+02
1.377032864285912410e+02
1.379088137217682402e+02
1.069364607597414789e+02
1.070958295537202360e+02
1.072553170139640457e+02
1.074149231404729221e+02
1.075746479332468510e+02
1.077344913922858609e+02
1.078944535175899233e+02
1.080545343091590382e+02
1.082147337669932341e+02
6.835256515715450121e+01
6.845375326249447312e+01
6.855501621110762756e+01
6.865635400299397872e+01
6.875776663815348400e+01
6.885925411658618600e+01
6.896081643829207053e+01
6.906245360327113758e+01
6.916416561152337295e+01
4.207699238493821525e+01
4.213887031491606194e+01
4.220079370994165657e+01
4.226276257001499204e+01
4.232477689513606833e+01
4.238683668530489257e+01
4.244894194052145764e+01
4.251109266078575644e+01
4.257328884609781028e+01
2.362717591964063857e+01
2.366169334245968869e+01
2.369623596047787828e+01
2.373080377369520377e+01
2.376539678211167228e+01
2.380001498572727670e+01
2.383465838454201702e+01
2.386932697855589680e+01
2.390402076776891249e+01
2.603388498294254916e+01
2.607167001194536837e+01
2.610948244125928497e+01
2.614732227088429539e+01
2.618518950082040675e+01
2.622308413106761193e+01
2.626100616162591805e+01
2.629895559249532155e+01
2.633693242367581888e+01
6.126462962094965548e+00
6.135297083165038856e+00
6.144137568875651212e+00
6.152984419226803503e+00
6.161837634218496618e+00
6.170697213850730556e+00
6.179563158123504429e+00
6.188435467036819126e+00
6.197314140590673759e+00
-3.934095892592515042e+01
-3.939732133126315716e+01
-3.945372408191635571e+01
-3.951016717788476740e+01
-3.956665061916837089e+01
-3.962317440576718752e+01
-3.967973853768120307e+01
-3.973634301491041754e+01
-3.979298783745483803e+01
-6.488497150910338007e+01
-6.497733445787079631e+01
-6.506976309863590302e+01
-6.516225743139871440e+01
-6.525481745615921625e+01
-6.534744317291742277e+01
-6.544013458167334818e+01
-6.553289168242696405e+01
-6.562571447517827039e+01
-5.914403675303528019e+01
-5.922769168479346291e+01
-5.931140573664476534e+01
-5.939517890858917326e+01
-5.947901120062670799e+01
-5.956290261275734821e+01
-5.964685314498110813e+01
-5.973086279729798775e+01
-5.981493156970797287e+01
-4.282773059894323353e+01
-4.288792417673514024e+01
-4.294816002529797316e+01
-4.300843814463172521e+01
-4.306875853473639637e+01
-4.312912119561199376e+01
-4.318952612725851026e+01
-4.324997332967594588e+01
-4.331046280286430772e+01
-7.518949292066781709e+01
-7.529450617893691344e+01
-7.539959271931226681e+01
-7.550475254179386297e+01
-7.560998564638173036e+01
-7.571529203307585476e+01
-7.582067170187623617e+01
-7.592612465278287459e+01
-7.603165088579578423e+01
-9.961534227894709659e+01
-9.975360090806431401e+01
-9.989195541695205804e+01
-1.000304058056103287e+02
-1.001689520740391686e+02
-1.003075942222385208e+02
-1.004463322502084139e+02
-1.005851661579488621e+02
-1.007240959454598368e+02
-1.105628069961288418e+02
-1.107153074195717863e+02
-1.108679129432376413e+02
-1.110206235671263784e+02
-1.111734392912380542e+02
-1.113263601155726406e+02
-1.114793860401301231e+02
-1.116325170649105161e+02
-1.117857531899138195e+02
-9.027376328348985624e+01
-9.039751073144527993e+01
-9.052134293792671826e+01
-9.064525990293414281e+01
-9.076926162646756779e+01
-9.089334810852700741e+01
-9.101751934911241904e+01
-9.114177534822383109e+01
-9.126611610586124357e+01
-8.168331113886215178e+01
-8.179459630390147140e+01
-8.190595722466920847e+01
-8.201739390116534878e+01
-8.212890633338992075e+01
-8.224049452134289595e+01
-8.235215846502427439e+01
-8.246389816443408449e+01
-8.257571361957229783e+01
-8.335426393361657915e+01
-8.346713362073047904e+01
-8.358007967434446073e+01
-8.369310209445851001e+01
-8.380620088107265531e+01
-8.391937603418685399e+01
-8.403262755380113447e+01
-8.414595543991551096e+01
-8.425935969252994084e+01
-8.317166423914261486e+01
-8.328360456786286647e+01
-8.339562017588956166e+01
-8.350771106322275728e+01
-8.361987722986241067e+01
-8.373211867580853607e+01
-8.384443540106113346e+01
-8.395682740562018864e+01
-8.406929468948573003e+01
-7.420038569343132906e+01
-7.429965042345598647e+01
-7.439898150690980572e+01
-7.449837894379278680e+01
-7.459784273410491551e+01
-7.469737287784622026e+01
-7.479696937501668685e+01
-7.489663222561631528e+01
-7.499636142964509133e+01
-1.179552109307323349e+01
-1.181120662644168107e+01
-1.182690258209143863e+01
-1.184260896002250263e+01
-1.185832576023487483e+01
-1.187405298272855525e+01
-1.188979062750354210e+01
-1.190553869455983893e+01
-1.192129718389744220e+01
-1.193706609551635545e+01
-1.195284542941657513e+01
-1.196863518559810302e+01
-1.198443536406093735e+01
-1.200024596480508166e+01
-1.201606698783053417e+01
-1.203189843313729313e+01
-1.204774030072536206e+01
5.333702320220957205e+01
5.340715735500668160e+01
5.347733758806188575e+01
5.354756390137516320e+01
5.361783629494652814e+01
5.368815476877595927e+01
5.375851932286347790e+01
5.382892995720907692e+01
5.389938667181274923e+01
5.396988946667450904e+01
5.404043834179434924e+01
5.411103329717226273e+01
5.418167433280825662e+01
5.425236144870233090e+01
5.432309464485448558e+01
5.439387392126472065e+01
5.446469927793302901e+01
1.208929141160121503e+02
1.210501220667481874e+02
1.212074321668999062e+02
1.213648444164673208e+02
1.215223588154504029e+02
1.216799753638491666e+02
1.218376940616636119e+02
1.219955149088937389e+02
1.221534379055395618e+02
1.223114630516010664e+02
1.224695903470782525e+02
1.226278197919711204e+02
1.227861513862796699e+02
1.229445851300039010e+02
1.231031210231437996e+02
1.232617590656994082e+02
1.234204992576706843e+02
2.246430062310360256e+02
2.249319361425872046e+02
2.252210517417421727e+02
2.255103530285010152e+02
2.257998400028636468e+02
2.260895126648301243e+02
2.263793710144004194e+02
2.266694150515745321e+02
2.269596447763524907e+02
2.272500601887342384e+02
2.275406612887198605e+02
2.278314480763092718e+02
2.281224205515025290e+02
2.284135787142995753e+02
2.287049225647004675e+02
2.289964521027051774e+02
2.292881673283137332e+02
2.538142813337816222e+02
2.541372002667762615e+02
2.544603244883487605e+02
2.547836539984991475e+02
2.551071887972273942e+02
2.554309288845335288e+02
2.557548742604175231e+02
2.560790249248793771e+02
2.564033808779191759e+02
2.567279421195367490e+02
2.570527086497322671e+02
2.573776804685056163e+02
2.577028575758568536e+02
2.580282399717859789e+02
2.583538276562929354e+02
2.586796206293778368e+02
2.590056188910405695e+02
2.775867294284802824e+02
2.779361148651429403e+02
2.782857200410738869e+02
2.786355449562732360e+02
2.789855896107409308e+02
2.793358540044769143e+02
2.796863381374813002e+02
2.800370420097540318e+02
2.803879656212950522e+02
2.807391089721044182e+02
2.810904720621821866e+02
2.814420548915282438e+02
2.817938574601426467e+02
2.821458797680253952e+02
2.824981218151764892e+02
2.828505836015959289e+02
2.832032651272837143e+02
2.706145353102182867e+02
2.709515397128461700e+02
2.712887538257433562e+02
2.716261776489096746e+02
2.719638111823452391e+02
2.723016544260499927e+02
2.726397073800239923e+02
2.729779700442672379e+02
2.733164424187796158e+02
2.736551245035612396e+02
2.739940162986121095e+02
2.743331178039321685e+02
2.746724290195214735e+02
2.750119499453799676e+02
2.753516805815076509e+02
2.756916209279045802e+02
2.760317709845707554e+02
2.093707221048095448e+02
2.096287266915067846e+02
2.098868901480234115e+02
2.101452124743594538e+02
2.104036936705148833e+02
2.106623337364896997e+02
2.109211326722839033e+02
2.111800904778974939e+02
2.114392071533305284e+02
2.116984826985829216e+02
2.119579171136547018e+02
2.122175103985458975e+02
2.124772625532564803e+02
2.127371735777864501e+02
2.129972434721358354e+02
2.132574722363046078e+02
2.135178598702927388e+02
1.467902647563425944e+02
1.469692772743381113e+02
1.471483988797913014e+02
1.473276295727021363e+02
1.475069693530706161e+02
1.476864182208967406e+02
1.478659761761805100e+02
1.480456432189219242e+02
1.482254193491209548e+02
1.484053045667776871e+02
1.485852988718920074e+02
1.487654022644640008e+02
1.489456147444936391e+02
1.491259363119809223e+02
1.493063669669258502e+02
1.494869067093284229e+02
1.496675555391886405e+02
5.337794388878288032e+01
5.344237109927023965e+01
5.350683716814752700e+01
5.357134209541474235e+01
5.363588588107186439e+01
5.370046852511890734e+01
5.376509002755587829e+01
5.382975038838276305e+01
5.389444960759956871e+01
5.395918768520629527e+01
5.402396462120294274e+01
5.408878041558950400e+01
5.415363506836599328e+01
5.421852857953240346e+01
5.428346094908872743e+01
5.434843217703497231e+01
5.441344226337113810e+01
-6.601896371080954395e+01
-6.609783941416775122e+01
-6.617676220749810057e+01
-6.625573209080059200e+01
-6.633474906407525395e+01
-6.641381312732207221e+01
-6.649292428054103254e+01
-6.657208252373214918e+01
-6.665128785689542212e+01
-6.673054028003086557e+01
-6.680983979313845111e+01
-6.688918639621817874e+01
-6.696858008927006267e+01
-6.704802087229411711e+01
-6.712750874529031364e+01
-6.720704370825866647e+01
-6.728662576119917560e+01
-1.175073870904992788e+02
-1.176463668505116971e+02
-1.177854287498621915e+02
-1.179245727885507478e+02
-1.180637989665773659e+02
-1.182031072839420460e+02
-1.183424977406448164e+02
-1.184819703366856487e+02
-1.186215250720645429e+02
-1.187611619467815132e+02
-1.189008809608365453e+02
-1.190406821142296536e+02
-1.191805654069608380e+02
-1.193205308390300843e+02
-1.194605784104373924e+02
-1.196007081211827767e+02
-1.197409199712662087e+02
-2.015926689300862051e+02
-2.018287259194657111e+02
-2.020649210346435325e+02
-2.023012542756197263e+02
-2.025377256423942640e+02
-2.027743351349671741e+02
-2.030110827533383997e+02
-2.032479684975079977e+02
-2.034849923674759395e+02
-2.037221543632421970e+02
-2.039594544848068551e+02
-2.041968927321698288e+02
-2.044344691053312033e+02
-2.046721836042908649e+02
-2.049100362290489272e+02
-2.051480269796053051e+02
-2.053861558559600269e+02
-2.369660474598757958e+02
-2.372407907033075105e+02
-2.375156931259069495e+02
-2.377907547276740559e+02
-2.380659755086088865e+02
-2.383413554687113844e+02
-2.386168946079815782e+02
-2.388925929264194394e+02
-2.391684504240250249e+02
-2.394444671007982492e+02
-2.397206429567392263e+02
-2.399969779918478423e+02
-2.402734722061241541e+02
-2.405501255995681618e+02
-2.408269381721798936e+02
-2.411039099239592645e+02
-2.413810408549063311e+02
-2.496527137270095125e+02
-2.499393414121151409e+02
-2.502261335422495279e+02
-2.505130901174126734e+02
-2.508002111376045207e+02
-2.510874966028251549e+02
-2.513749465130745193e+02
-2.516625608683526423e+02
-2.519503396686595238e+02
-2.522382829139951070e+02
-2.525263906043594773e+02
-2.528146627397525776e+02
-2.531030993201744366e+02
-2.533917003456250256e+02
-2.536804658161043733e+02
-2.539693957316124511e+02
-2.542584900921492874e+02
-2.485026689559107922e+02
-2.487852188921881407e+02
-2.490679293682019875e+02
-2.493508003839523610e+02
-2.496338319394392613e+02
-2.499170240346626599e+02
-2.502003766696225853e+02
-2.504838898443190658e+02
-2.507675635587520446e+02
-2.510513978129215502e+02
-2.513353926068275541e+02
-2.516195479404700848e+02
-2.519038638138491706e+02
-2.521883402269647547e+02
-2.524729771798168372e+02
-2.527577746724054748e+02
-2.530427327047306392e+02
-2.112744433675254072e+02
-2.115123650379843241e+02
-2.117504205979595326e+02
-2.119886100474510613e+02
-2.122269333864588532e+02
-2.124653906149829936e+02
-2.127039817330233973e+02
-2.129427067405800926e+02
-2.131815656376530796e+02
-2.134205584242423868e+02
-2.136596851003479856e+02
-2.138989456659698760e+02
-2.141383401211080582e+02
-2.143778684657625320e+02
-2.146175306999333259e+02
-2.148573268236203830e+02
-2.150972568368237603e+02
-1.736341073667840931e+02
-1.738277873526923827e+02
-1.740215752984590551e+02
-1.742154712040840536e+02
-1.744094750695674634e+02
-1.746035868949092276e+02
-1.747978066801093462e+02
-1.749921344251678192e+02
-1.751865701300846752e+02
-1.753811137948598855e+02
-1.755757654194934787e+02
-1.757705250039854263e+02
-1.759653925483357284e+02
-1.761603680525444418e+02
-1.763554515166114811e+02
-1.765506429405369033e+02
-1.767459423243206800e+02
-1.239515261518048845e+02
-1.240884891641273100e+02
-1.242255278048386771e+02
-1.243626420739389289e+02
-1.244998319714281081e+02
-1.246370974973062005e+02
-1.247744386515732202e+02
-1.249118554342291247e+02
-1.250493478452739566e+02
-1.251869158847077017e+02
-1.253245595525303600e+02
-1.254622788487419314e+02
-1.256000737733424160e+02
-1.257379443263318137e+02
-1.258758905077101247e+02
-1.260139123174773630e+02
-1.261520097556335003e+02
-4.655672567921049421e+01
-4.660769089615543948e+01
-4.665868399341600536e+01
-4.670970497099217766e+01
-4.676075382888397769e+01
-4.681183056709138413e+01
-4.686293518561441118e+01
-4.691406768445305175e+01
-4.696522806360731295e+01
-4.701641632307718055e+01
-4.706763246286266877e+01
-4.711887648296377051e+01
-4.717014838338048577e+01
-4.722144816411282164e+01
-4.727277582516077103e+01
-4.732413136652433394e+01
-4.737551478820351747e+01
2.186512486124701837e+01
2.188883974721366243e+01
2.191256748677703925e+01
2.193630807993714527e+01
2.196006152669398048e+01
2.198382782704754490e+01
2.200760698099783852e+01
2.203139898854486134e+01
2.205520384968862047e+01
2.207902156442910169e+01
2.210285213276631566e+01
2.212669555470026239e+01
2.215055183023093832e+01
2.217442095935833990e+01
2.219830294208247423e+01
2.222219777840333776e+01
2.224610546832093050e+01
8.002297234991776520e+01
8.010897232020246861e+01
8.019501847736702871e+01
8.028111082141144550e+01
8.036724935233570477e+01
8.045343407013982073e+01
8.053966497482377918e+01
8.062594206638759431e+01
8.071226534483126613e+01
8.079863481015479465e+01
8.088505046235816565e+01
8.097151230144139333e+01
8.105802032740446350e+01
8.114457454024739036e+01
8.123117493997018812e+01
8.131782152657281415e+01
8.140451430005529687e+01
1.173964967842111378e+02
1.175215196774850597e+02
1.176466091076899261e+02
1.177717650748257796e+02
1.178969875788925634e+02
1.180222766198903344e+02
1.181476321978190640e+02
1.182730543126787381e+02
1.183985429644693710e+02
1.185240981531909767e+02
1.186497198788435412e+02
1.187754081414270644e+02
1.189011629409415320e+02
1.190269842773869868e+02
1.191528721507633861e+02
1.192788265610707441e+02
1.194048475083090608e+02
1.522985950101104322e+02
1.524593323135511866e+02
1.526201543940507008e+02
1.527810612516090032e+02
1.529420528862260937e+02
1.531031292979019440e+02
1.532642904866365825e+02
1.534255364524300091e+02
1.535868671952821671e+02
1.537482827151931417e+02
1.539097830121628760e+02
1.540713680861913986e+02
1.542330379372787093e+02
1.543947925654247513e+02
1.545566319706296099e+02
1.547185561528932283e+02
1.548805651122156348e+02
1.275611481326090626e+02
1.276945802959276932e+02
1.278280822094623801e+02
1.279616538732131232e+02
1.280952952871799368e+02
1.282290064513627783e+02
1.283627873657617045e+02
1.284966380303766869e+02
1.286305584452077255e+02
1.287645486102547920e+02
1.288986085255179717e+02
1.290327381909971507e+02
1.291669376066924144e+02
1.293012067726037344e+02
1.294355456887311391e+02
1.295699543550745716e+02
1.297044327716340604e+02
8.800422686541480743e+01
8.809547023178640757e+01
8.818676087451365220e+01
8.827809879359652712e+01
8.836948398903503232e+01
8.846091646082916782e+01
8.855239620897893360e+01
8.864392323348434388e+01
8.873549753434538445e+01
8.882711911156205531e+01
8.891878796513435645e+01
8.901050409506230210e+01
8.910226750134586382e+01
8.919407818398505583e+01
8.928593614297990655e+01
8.937784137833037335e+01
8.946979389003647043e+01
4.548476264260371948e+01
4.553150957234945650e+01
4.557828051181770945e+01
4.562507546100849254e+01
4.567189441992179155e+01
4.571873738855760649e+01
4.576560436691594447e+01
4.581249535499680547e+01
4.585941035280017530e+01
4.590634936032606817e+01
4.595331237757448406e+01
4.600029940454542299e+01
4.604731044123887784e+01
4.609434548765485573e+01
4.614140454379334244e+01
4.618848760965435929e+01
4.623559468523789207e+01
1.161835734052542257e+01
1.163019468880919938e+01
1.164203806425605237e+01
1.165388746686598154e+01
1.166574289663898867e+01
1.167760435357507198e+01
1.168947183767423326e+01
1.170134534893647427e+01
1.171322488736178968e+01
1.172511045295018306e+01
1.173700204570165262e+01
1.174889966561620191e+01
1.176080331269382562e+01
1.177271298693452906e+01
1.178462868833830868e+01
1.179655041690516626e+01
1.180847817263510002e+01
-6.029559194776449260e+01
-6.035649658609556667e+01
-6.041743196881752453e+01
-6.047839809593035909e+01
-6.053939496743407034e+01
-6.060042258332865828e+01
-6.066148094361412291e+01
-6.072257004829047844e+01
-6.078368989735770356e+01
-6.084484049081581247e+01
-6.090602182866479808e+01
-6.096723391090466038e+01
-6.102847673753540647e+01
-6.108975030855702215e+01
-6.115105462396952873e+01
-6.121238968377290490e+01
-6.127375548796716487e+01
-6.413972299925137577e+01
-6.420395907636630284e+01
-6.426822730366997405e+01
-6.433252768116238940e+01
-6.439686020884354889e+01
-6.446122488671345252e+01
-6.452562171477211450e+01
-6.459005069301952062e+01
-6.465451182145565667e+01
-6.471900510008055107e+01
-6.478353052889418962e+01
-6.484808810789658651e+01
-6.491267783708771333e+01
-6.497729971646759850e+01
-6.504195374603621360e+01
-6.510663992579358705e+01
-6.517135825573970465e+01
-1.157218048605298009e+02
-1.158367222437080812e+02
-1.159516966578457584e+02
-1.160667281029428182e+02
-1.161818165789992889e+02
-1.162969620860151423e+02
-1.164121646239903924e+02
-1.165274241929250252e+02
-1.166427407928190689e+02
-1.167581144236725095e+02
-1.168735450854853184e+02
-1.169890327782575525e+02
-1.171045775019891551e+02
-1.172201792566801686e+02
-1.173358380423305647e+02
-1.174515538589403718e+02
-1.175673267065095473e+02
-1.176831565850381338e+02
-1.177990434945261029e+02
-1.179149874349734688e+02
-1.180309884063802315e+02
-1.181470464087463910e+02
-1.182631614420719472e+02
-1.183793335063568861e+02
-1.184955626016012218e+02
-1.186118487278049543e+02
-1.187281918849680693e+02
-1.188445920730905812e+02
-1.189610492921725040e+02
-1.190775635422138095e+02
-1.191941348232145117e+02
-1.193107631351745965e+02
-1.194274484780940924e+02
-1.251280752553515470e+02
-1.252503303362068010e+02
-1.253726451119257490e+02
-1.254950195825084052e+02
-1.256174537479547411e+02
-1.257399476082647993e+02
-1.258625011634385373e+02
-1.259851144134759977e+02
-1.261077873583771378e+02
-1.262305199981419861e+02
-1.263533123327705283e+02
-1.264761643622627645e+02
-1.265990760866187088e+02
-1.267220475058383471e+02
-1.268450786199216793e+02
-1.269681694288687197e+02
-1.270913199326794540e+02
-1.272145301313538823e+02
-1.273378000248920188e+02
-1.274611296132938634e+02
-1.275845188965594019e+02
-1.277079678746886202e+02
-1.278314765476815467e+02
-1.279550449155381813e+02
-1.280786729782585098e+02
-1.282023607358425181e+02
-1.283261081882902488e+02
-1.284499153356016734e+02
-1.285737821777767920e+02
-1.286977087148156329e+02
-1.288216949467181394e+02
-1.289457408734843682e+02
-1.290698464951142626e+02
-8.966118065509213864e+01
-8.974739332879894960e+01
-8.983364743098904626e+01
-8.991994296166242862e+01
-9.000627992081909667e+01
-9.009265830845903622e+01
-9.017907812458226147e+01
-9.026553936918875820e+01
-9.035204204227855485e+01
-9.043858614385160877e+01
-9.052517167390796260e+01
-9.061179863244757371e+01
-9.069846701947048473e+01
-9.078517683497666724e+01
-9.087192807896613544e+01
-9.095872075143888935e+01
-9.104555485239491475e+01
-9.113243038183421163e+01
-9.121934733975680842e+01
-9.130630572616267671e+01
-9.139330554105183069e+01
-9.148034678442425616e+01
-9.156742945627996733e+01
-9.165455355661896419e+01
-9.174171908544123255e+01
-9.182892604274678661e+01
-9.191617442853562636e+01
-9.200346424280773761e+01
-9.209079548556312034e+01
-9.217816815680180298e+01
-9.226558225652375711e+01
-9.235303778472898273e+01
-9.244053474141750826e+01
-4.338685490166663783e+01
-4.342792149409604718e+01
-4.346900751253889439e+01
-4.351011295699520076e+01
-4.355123782746495209e+01
-4.359238212394814838e+01
-4.363354584644479672e+01
-4.367472899495489003e+01
-4.371593156947843539e+01
-4.375715357001541861e+01
-4.379839499656586099e+01
-4.383965584912974833e+01
-4.388093612770708063e+01
-4.392223583229786499e+01
-4.396355496290209430e+01
-4.400489351951977568e+01
-4.404625150215090201e+01
-4.408762891079548041e+01
-4.412902574545350376e+01
-4.417044200612497207e+01
-4.421187769280989954e+01
-4.425333280550826487e+01
-4.429480734422007515e+01
-4.433630130894534460e+01
-4.437781469968405901e+01
-4.441934751643621837e+01
-4.446089975920182980e+01
-4.450247142798088618e+01
-4.454406252277338751e+01
-4.458567304357934802e+01
-4.462730299039874637e+01
-4.466895236323159679e+01
-4.471062116207789927e+01
1.049145985899135525e+01
1.050123754758314654e+01
1.051101979029165356e+01
1.052080658711687988e+01
1.053059793805882016e+01
1.054039384311747973e+01
1.055019430229285682e+01
1.055999931558495142e+01
1.056980888299376176e+01
1.057962300451928961e+01
1.058944168016153498e+01
1.059926490992049786e+01
1.060909269379617648e+01
1.061892503178857261e+01
1.062876192389768804e+01
1.063860337012351920e+01
1.064844937046606788e+01
1.065829992492533229e+01
1.066815503350131600e+01
1.067801469619401544e+01
1.068787891300343240e+01
1.069774768392956688e+01
1.070762100897241709e+01
1.071749888813198659e+01
1.072738132140827361e+01
1.073726830880127636e+01
1.074715985031099663e+01
1.075705594593743264e+01
1.076695659568058794e+01
1.077686179954046075e+01
1.078677155751704930e+01
1.079668586961035537e+01
1.080660473582037895e+01
1.999348782264529945e+01
2.001183888994465576e+01
2.003019837516478674e+01
2.004856627830569948e+01
2.006694259936739044e+01
2.008532733834985962e+01
2.010372049525311411e+01
2.012212207007714326e+01
2.014053206282195418e+01
2.015895047348754332e+01
2.017737730207391067e+01
2.019581254858105979e+01
2.021425621300898712e+01
2.023270829535769266e+01
2.025116879562718353e+01
2.026963771381744905e+01
2.028811504992849635e+01
2.030660080396032185e+01
2.032509497591292558e+01
2.034359756578631107e+01
2.036210857358047477e+01
2.038062799929541669e+01
2.039915584293114037e+01
2.041769210448764227e+01
2.043623678396492593e+01
2.045478988136298426e+01
2.047335139668182791e+01
2.049192132992144622e+01
2.051049968108184984e+01
2.052908645016302813e+01
2.054768163716498819e+01
2.056628524208772646e+01
2.058489726493124650e+01
3.538604845722876746e+01
3.541804307608702373e+01
3.545005215252270858e+01
3.548207568653582911e+01
3.551411367812637820e+01
3.554616612729436298e+01
3.557823303403977633e+01
3.561031439836262535e+01
3.564241022026291006e+01
3.567452049974062334e+01
3.570664523679577229e+01
3.573878443142834982e+01
3.577093808363836303e+01
3.580310619342580480e+01
3.583528876079068226e+01
3.586748578573299540e+01
3.589969726825273710e+01
3.593192320834990738e+01
3.596416360602451334e+01
3.599641846127656208e+01
3.602868777410603229e+01
3.606097154451293818e+01
3.609326977249727264e+01
3.612558245805904278e+01
3.615790960119824149e+01
3.619025120191488298e+01
3.622260726020894595e+01
3.625497777608045169e+01
3.628736274952938601e+01
3.631976218055574890e+01
3.635217606915954747e+01
3.638460441534077461e+01
3.641704721909943743e+01
2.469051704378193435e+01
2.471251305005701937e+01
2.473451884974540604e+01
2.475653444284709082e+01
2.477855982936208079e+01
2.480059500929036886e+01
2.482263998263196214e+01
2.484469474938685352e+01
2.486675930955505009e+01
2.488883366313654477e+01
2.491091781013134110e+01
2.493301175053943908e+01
2.495511548436084226e+01
2.497722901159554354e+01
2.499935233224354647e+01
2.502148544630485105e+01
2.504362835377945729e+01
2.506578105466736517e+01
2.508794354896857470e+01
2.511011583668308234e+01
2.513229791781089517e+01
2.515448979235200966e+01
2.517669146030642580e+01
2.519890292167414003e+01
2.522112417645515947e+01
2.524335522464947701e+01
2.526559606625709620e+01
2.528784670127802059e+01
2.531010712971224308e+01
2.533237735155977077e+01
2.535465736682059301e+01
2.537694717549472401e+01
2.539924677758215310e+01
1.033140865952642429e+01
1.034047925536446222e+01
1.034955383127965689e+01
1.035863238727200830e+01
1.036771492334151468e+01
1.037680143948817602e+01
1.038589193571199409e+01
1.039498641201296891e+01
1.040408486839109692e+01
1.041318730484638344e+01
1.042229372137882315e+01
1.043140411798842138e+01
1.044051849467517279e+01
1.044963685143908272e+01
1.045875918828014584e+01
1.046788550519836569e+01
1.047701580219374229e+01
1.048615007926627385e+01
1.049528833641596037e+01
1.050443057364280364e+01
1.051357679094680364e+01
1.052272698832795861e+01
1.053188116578626854e+01
1.054103932332173521e+01
1.055020146093435685e+01
1.055936757862413522e+01
1.056853767639106856e+01
1.057771175423515686e+01
1.058688981215640368e+01
1.059607185015480368e+01
1.060525786823036043e+01
1.061444786638307392e+01
1.062364184461294236e+01
-4.057078536726526075e+00
-4.060589638878605356e+00
-4.064102259673482820e+00
-4.067616399111160241e+00
-4.071132057191635845e+00
-4.074649233914912294e+00
-4.078167929280986925e+00
-4.081688143289861515e+00
-4.085209875941535174e+00
-4.088733127236007903e+00
-4.092257897173280590e+00
-4.095784185753352347e+00
-4.099311992976223173e+00
-4.102841318841893958e+00
-4.106372163350363813e+00
-4.109904526501632738e+00
-4.113438408295701620e+00
-4.116973808732568685e+00
-4.120510727812236595e+00
-4.124049165534702688e+00
-4.127589121899968738e+00
-4.131130596908033858e+00
-4.134673590558898049e+00
-4.138218102852561309e+00
-4.141764133789025415e+00
-4.145311683368287703e+00
-4.148860751590349949e+00
-4.152411338455211265e+00
-4.155963443962871651e+00
-4.159517068113331106e+00
-4.163072210906590520e+00
-4.166628872342649004e+00
-4.170187052421507445e+00
-1.952702109779669826e+01
-1.954368237859686630e+01
-1.956035076442082854e+01
-1.957702625526858853e+01
-1.959370885114014271e+01
-1.961039855203549109e+01
-1.962709535795463722e+01
-1.964379926889757755e+01
-1.966051028486431207e+01
-1.967722840585484434e+01
-1.969395363186917081e+01
-1.971068596290729147e+01
-1.972742539896920633e+01
-1.974417194005491893e+01
-1.976092558616442574e+01
-1.977768633729773029e+01
-1.979445419345482904e+01
-1.981122915463572198e+01
-1.982801122084041268e+01
-1.984480039206889757e+01
-1.986159666832117665e+01
-1.987840004959725348e+01
-1.989521053589712452e+01
-1.991202812722078974e+01
-1.992885282356825272e+01
-1.994568462493950989e+01
-1.996252353133456126e+01
-1.997936954275340682e+01
-1.999622265919605368e+01
-2.001308288066249119e+01
-2.002995020715272290e+01
-2.004682463866675590e+01
-2.006370617520457955e+01
-1.751205233271615924e+01
-1.752678691608403128e+01
-1.754152769566021419e+01
-1.755627467144471510e+01
-1.757102784343752333e+01
-1.758578721163864955e+01
-1.760055277604808666e+01
-1.761532453666583109e+01
-1.763010249349189706e+01
-1.764488664652627037e+01
-1.765967699576895811e+01
-1.767447354121996028e+01
-1.768927628287926979e+01
-1.770408522074689728e+01
-1.771890035482283565e+01
-1.773372168510708846e+01
-1.774854921159965215e+01
-1.776338293430053028e+01
-1.777822285320971929e+01
-1.779306896832722273e+01
-1.780792127965303706e+01
-1.782277978718716582e+01
-1.783764449092960902e+01
-1.785251539088036310e+01
-1.786739248703942806e+01
-1.788227577940680746e+01
-1.789716526798250129e+01
-1.791206095276650601e+01
-1.792696283375882516e+01
-1.794187091095945519e+01
-1.795678518436839965e+01
-1.797170565398565856e+01
-1.798663231981122479e+01
-1.515177732105519404e+01
-1.516435141011831078e+01
-1.517693071448174535e+01
-1.518951523414549420e+01
-1.520210496910956088e+01
-1.521469991937394184e+01
-1.522730008493864062e+01
-1.523990546580365546e+01
-1.525251606196898813e+01
-1.526513187343463684e+01
-1.527775290020060162e+01
-1.529037914226688244e+01
-1.530301059963348287e+01
-1.531564727230039580e+01
-1.532828916026762833e+01
-1.534093626353517514e+01
-1.535358858210303801e+01
-1.536624611597121870e+01
-1.537890886513971722e+01
-1.539157682960853002e+01
-1.540425000937766065e+01
-1.541692840444710733e+01
-1.542961201481687006e+01
-1.544230084048694884e+01
-1.545499488145734546e+01
-1.546769413772805812e+01
-1.548039860929908862e+01
-1.549310829617043339e+01
-1.550582319834209599e+01
-1.551854331581407465e+01
-1.553126864858636935e+01
-1.554399919665898189e+01
-1.555673496003190870e+01
-8.163148920627275373e+00
-8.169831809633109287e+00
-8.176517433045248140e+00
-8.183205790863690154e+00
-8.189896883088435331e+00
-8.196590709719483669e+00
-8.203287270756836946e+00
-8.209986566200491609e+00
-8.216688596050452986e+00
-8.223393360306715749e+00
-8.230100858969281674e+00
-8.236811092038152537e+00
-8.243524059513326563e+00
-8.250239761394803750e+00
-8.256958197682584100e+00
-8.263679368376669387e+00
-8.270403273477056061e+00
-8.277129912983747673e+00
-8.283859286896742447e+00
-8.290591395216040382e+00
-8.297326237941643257e+00
-8.304063815073549293e+00
-8.310804126611756715e+00
-8.317547172556269075e+00
-8.324292952907086374e+00
-8.331041467664205058e+00
-8.337792716827628681e+00
-8.344546700397355465e+00
-8.351303418373385412e+00
-8.358062870755720297e+00
-8.364825057544356568e+00
-8.371589978739297777e+00
-8.378357634340542148e+00
-8.106118675616061253e+00
-8.112666428988934086e+00
-8.119216825782626046e+00
-8.125769865997140684e+00
-8.132325549632474448e+00
-8.138883876688630892e+00
-8.145444847165606461e+00
-8.152008461063402933e+00
-8.158574718382020308e+00
-8.165143619121458585e+00
-8.171715163281715988e+00
-8.178289350862796070e+00
-8.184866181864695278e+00
-8.191445656287417165e+00
-8.198027774130958178e+00
-8.204612535395320094e+00
-8.211199940080502913e+00
-8.217789988186508410e+00
-8.224382679713331257e+00
-8.230978014660976783e+00
-8.237575993029443211e+00
-8.244176614818728765e+00
-8.250779880028836999e+00
-8.257385788659764358e+00
-8.263994340711512621e+00
-8.270605536184081785e+00
-8.277219375077471852e+00
-8.283835857391682822e+00
-8.290454983126712918e+00
-8.297076752282565693e+00
-8.303701164859237593e+00
-8.310328220856732173e+00
-8.316957920275045879e+00
